1.999999999999999695e-02
2.004002001000499897e-02
2.008004002001000099e-02
2.012006003001500301e-02
2.016008004002000850e-02
2.020010005002501052e-02
2.024012006003001254e-02
2.028014007003501457e-02
2.032016008004001659e-02
2.036018009004501861e-02
2.040020010005002063e-02
2.044022011005502612e-02
2.048024012006002814e-02
2.052026013006503016e-02
2.056028014007003218e-02
2.060030015007503421e-02
2.064032016008003623e-02
2.068034017008503825e-02
2.072036018009004374e-02
2.076038019009504576e-02
2.080040020010004778e-02
2.084042021010504980e-02
2.088044022011005182e-02
2.092046023011505385e-02
2.096048024012005587e-02
2.100050025012505789e-02
2.104052026013006338e-02
2.108054027013506540e-02
2.112056028014006742e-02
2.116058029014506944e-02
2.120060030015007146e-02
2.124062031015507349e-02
2.128064032016007551e-02
2.132066033016508100e-02
2.136068034017008302e-02
2.140070035017508504e-02
2.144072036018008706e-02
2.148074037018508908e-02
2.152076038019009110e-02
2.156078039019509313e-02
2.160080040020009862e-02
2.164082041020510064e-02
2.168084042021010266e-02
2.172086043021510468e-02
2.176088044022010670e-02
2.180090045022510872e-02
2.184092046023011074e-02
2.188094047023511624e-02
2.192096048024011826e-02
2.196098049024512028e-02
2.200100050025012230e-02
2.204102051025512432e-02
2.208104052026012634e-02
2.212106053026512836e-02
2.216108054027013385e-02
2.220110055027513588e-02
2.224112056028013790e-02
2.228114057028513992e-02
2.232116058029014194e-02
2.236118059029514396e-02
2.240120060030014598e-02
2.244122061030515147e-02
2.248124062031015349e-02
2.252126063031515552e-02
2.256128064032015754e-02
2.260130065032515956e-02
2.264132066033016158e-02
2.268134067033516360e-02
2.272136068034016909e-02
2.276138069034517111e-02
2.280140070035017313e-02
2.284142071035517516e-02
2.288144072036017718e-02
2.292146073036517920e-02
2.296148074037018122e-02
2.300150075037518671e-02
2.304152076038018873e-02
2.308154077038519075e-02
2.312156078039019277e-02
2.316158079039519480e-02
2.320160080040019682e-02
2.324162081040519884e-02
2.328164082041020433e-02
2.332166083041520635e-02
2.336168084042020837e-02
2.340170085042521039e-02
2.344172086043021241e-02
2.348174087043521444e-02
2.352176088044021646e-02
2.356178089044522195e-02
2.360180090045022397e-02
2.364182091045522599e-02
2.368184092046022801e-02
2.372186093046523003e-02
2.376188094047023205e-02
2.380190095047523408e-02
2.384192096048023957e-02
2.388194097048524159e-02
2.392196098049024361e-02
2.396198099049524563e-02
2.400200100050024765e-02
2.404202101050524967e-02
2.408204102051025169e-02
2.412206103051525719e-02
2.416208104052025574e-02
2.420210105052526123e-02
2.424212106053026325e-02
2.428214107053526527e-02
2.432216108054026729e-02
2.436218109054526931e-02
2.440220110055027480e-02
2.444222111055527336e-02
2.448224112056027885e-02
2.452226113056528087e-02
2.456228114057028289e-02
2.460230115057528491e-02
2.464232116058028693e-02
2.468234117058529242e-02
2.472236118059029097e-02
2.476238119059529647e-02
2.480240120060029849e-02
2.484242121060530051e-02
2.488244122061030253e-02
2.492246123061530455e-02
2.496248124062031004e-02
2.500250125062530859e-02
2.504252126063031408e-02
2.508254127063531611e-02
2.512256128064031813e-02
2.516258129064532015e-02
2.520260130065032217e-02
2.524262131065532766e-02
2.528264132066032621e-02
2.532266133066533170e-02
2.536268134067033372e-02
2.540270135067533575e-02
2.544272136068033777e-02
2.548274137068533979e-02
2.552276138069034528e-02
2.556278139069534383e-02
2.560280140070034932e-02
2.564282141070535134e-02
2.568284142071035336e-02
2.572286143071535539e-02
2.576288144072035741e-02
2.580290145072536290e-02
2.584292146073036145e-02
2.588294147073536694e-02
2.592296148074036896e-02
2.596298149074537098e-02
2.600300150075037300e-02
2.604302151075537503e-02
2.608304152076038052e-02
2.612306153076537907e-02
2.616308154077038456e-02
2.620310155077538658e-02
2.624312156078038860e-02
2.628314157078539062e-02
2.632316158079039264e-02
2.636318159079539467e-02
2.640320160080039669e-02
2.644322161080540218e-02
2.648324162081040420e-02
2.652326163081540622e-02
2.656328164082040824e-02
2.660330165082541026e-02
2.664332166083041228e-02
2.668334167083541431e-02
2.672336168084041980e-02
2.676338169084542182e-02
2.680340170085042384e-02
2.684342171085542586e-02
2.688344172086042788e-02
2.692346173086542990e-02
2.696348174087043192e-02
2.700350175087543741e-02
2.704352176088043944e-02
2.708354177088544146e-02
2.712356178089044348e-02
2.716358179089544550e-02
2.720360180090044752e-02
2.724362181090544954e-02
2.728364182091045503e-02
2.732366183091545705e-02
2.736368184092045908e-02
2.740370185092546110e-02
2.744372186093046312e-02
2.748374187093546514e-02
2.752376188094046716e-02
2.756378189094547265e-02
2.760380190095047467e-02
2.764382191095547670e-02
2.768384192096047872e-02
2.772386193096548074e-02
2.776388194097048276e-02
2.780390195097548478e-02
2.784392196098049027e-02
2.788394197098548882e-02
2.792396198099049431e-02
2.796398199099549634e-02
2.800400200100049836e-02
2.804402201100550385e-02
2.808404202101050240e-02
2.812406203101550789e-02
2.816408204102050644e-02
2.820410205102551193e-02
2.824412206103051395e-02
2.828414207103551598e-02
2.832416208104051800e-02
2.836418209104552002e-02
2.840420210105052551e-02
2.844422211105552406e-02
2.848424212106052955e-02
2.852426213106553157e-02
2.856428214107053359e-02
2.860430215107553562e-02
2.864432216108053764e-02
2.868434217108554313e-02
2.872436218109054168e-02
2.876438219109554717e-02
2.880440220110054919e-02
2.884442221110555121e-02
2.888444222111055323e-02
2.892446223111555526e-02
2.896448224112056075e-02
2.900450225112555930e-02
2.904452226113056479e-02
2.908454227113556681e-02
2.912456228114056883e-02
2.916458229114557085e-02
2.920460230115057287e-02
2.924462231115557836e-02
2.928464232116057692e-02
2.932466233116558241e-02
2.936468234117058443e-02
2.940470235117558645e-02
2.944472236118058847e-02
2.948474237118559049e-02
2.952476238119059598e-02
2.956478239119559454e-02
2.960480240120060003e-02
2.964482241120560205e-02
2.968484242121060407e-02
2.972486243121560609e-02
2.976488244122060811e-02
2.980490245122561360e-02
2.984492246123061215e-02
2.988494247123561764e-02
2.992496248124061967e-02
2.996498249124562169e-02
3.000500250125062371e-02
3.004502251125562573e-02
3.008504252126063122e-02
3.012506253126562977e-02
3.016508254127063526e-02
3.020510255127563728e-02
3.024512256128063931e-02
3.028514257128564133e-02
3.032516258129064335e-02
3.036518259129564884e-02
3.040520260130064739e-02
3.044522261130565288e-02
3.048524262131065490e-02
3.052526263131565692e-02
3.056528264132065895e-02
3.060530265132566097e-02
3.064532266133066646e-02
3.068534267133566501e-02
3.072536268134067050e-02
3.076538269134567252e-02
3.080540270135067454e-02
3.084542271135567656e-02
3.088544272136067859e-02
3.092546273136568408e-02
3.096548274137068263e-02
3.100550275137568812e-02
3.104552276138069014e-02
3.108554277138569216e-02
3.112556278139069418e-02
3.116558279139569620e-02
3.120560280140070170e-02
3.124562281140570025e-02
3.128564282141070574e-02
3.132566283141570429e-02
3.136568284142070978e-02
3.140570285142571527e-02
3.144572286143071382e-02
3.148574287143571931e-02
3.152576288144071787e-02
3.156578289144572336e-02
3.160580290145072191e-02
3.164582291145572740e-02
3.168584292146073289e-02
3.172586293146573144e-02
3.176588294147073693e-02
3.180590295147573549e-02
3.184592296148074098e-02
3.188594297148573953e-02
3.192596298149074502e-02
3.196598299149575051e-02
3.200600300150074906e-02
3.204602301150575455e-02
3.208604302151075310e-02
3.212606303151575859e-02
3.216608304152075715e-02
3.220610305152576264e-02
3.224612306153076813e-02
3.228614307153576668e-02
3.232616308154077217e-02
3.236618309154577072e-02
3.240620310155077621e-02
3.244622311155577477e-02
3.248624312156078026e-02
3.252626313156578575e-02
3.256628314157078430e-02
3.260630315157578979e-02
3.264632316158078834e-02
3.268634317158579383e-02
3.272636318159079238e-02
3.276638319159579787e-02
3.280640320160080337e-02
3.284642321160580192e-02
3.288644322161080741e-02
3.292646323161580596e-02
3.296648324162081145e-02
3.300650325162581000e-02
3.304652326163081549e-02
3.308654327163582098e-02
3.312656328164081954e-02
3.316658329164582503e-02
3.320660330165082358e-02
3.324662331165582907e-02
3.328664332166082762e-02
3.332666333166583311e-02
3.336668334167083860e-02
3.340670335167583715e-02
3.344672336168083571e-02
3.348674337168584120e-02
3.352676338169084669e-02
3.356678339169584524e-02
3.360680340170085073e-02
3.364682341170585622e-02
3.368684342171085477e-02
3.372686343171585333e-02
3.376688344172085882e-02
3.380690345172586431e-02
3.384692346173086286e-02
3.388694347173586835e-02
3.392696348174087384e-02
3.396698349174587239e-02
3.400700350175087094e-02
3.404702351175587643e-02
3.408704352176088193e-02
3.412706353176588048e-02
3.416708354177088597e-02
3.420710355177589146e-02
3.424712356178089001e-02
3.428714357178588856e-02
3.432716358179089405e-02
3.436718359179589954e-02
3.440720360180089810e-02
3.444722361180590359e-02
3.448724362181090908e-02
3.452726363181590763e-02
3.456728364182090618e-02
3.460730365182591167e-02
3.464732366183091716e-02
3.468734367183591571e-02
3.472736368184092121e-02
3.476738369184592670e-02
3.480740370185092525e-02
3.484742371185592380e-02
3.488744372186092929e-02
3.492746373186593478e-02
3.496748374187093333e-02
3.500750375187593882e-02
3.504752376188094432e-02
3.508754377188594287e-02
3.512756378189094142e-02
3.516758379189594691e-02
3.520760380190095240e-02
3.524762381190595095e-02
3.528764382191095644e-02
3.532766383191596193e-02
3.536768384192096049e-02
3.540770385192595904e-02
3.544772386193096453e-02
3.548774387193597002e-02
3.552776388194096857e-02
3.556778389194597406e-02
3.560780390195097955e-02
3.564782391195597810e-02
3.568784392196097666e-02
3.572786393196598215e-02
3.576788394197098764e-02
3.580790395197598619e-02
3.584792396198099168e-02
3.588794397198599717e-02
3.592796398199099572e-02
3.596798399199599428e-02
3.600800400200099977e-02
3.604802401200600526e-02
3.608804402201100381e-02
3.612806403201600930e-02
3.616808404202101479e-02
3.620810405202601334e-02
3.624812406203101189e-02
3.628814407203601738e-02
3.632816408204102288e-02
3.636818409204602143e-02
3.640820410205102692e-02
3.644822411205603241e-02
3.648824412206103096e-02
3.652826413206602951e-02
3.656828414207103500e-02
3.660830415207604049e-02
3.664832416208103905e-02
3.668834417208604454e-02
3.672836418209105003e-02
3.676838419209604858e-02
3.680840420210104713e-02
3.684842421210605262e-02
3.688844422211105811e-02
3.692846423211605666e-02
3.696848424212106216e-02
3.700850425212606765e-02
3.704852426213106620e-02
3.708854427213606475e-02
3.712856428214107024e-02
3.716858429214607573e-02
3.720860430215107428e-02
3.724862431215607977e-02
3.728864432216108526e-02
3.732866433216608382e-02
3.736868434217108237e-02
3.740870435217608786e-02
3.744872436218109335e-02
3.748874437218609190e-02
3.752876438219109739e-02
3.756878439219610288e-02
3.760880440220110144e-02
3.764882441220609999e-02
3.768884442221110548e-02
3.772886443221611097e-02
3.776888444222110952e-02
3.780890445222611501e-02
3.784892446223112050e-02
3.788894447223611905e-02
3.792896448224111761e-02
3.796898449224612310e-02
3.800900450225112859e-02
3.804902451225612714e-02
3.808904452226113263e-02
3.812906453226613812e-02
3.816908454227113667e-02
3.820910455227613522e-02
3.824912456228114072e-02
3.828914457228614621e-02
3.832916458229114476e-02
3.836918459229615025e-02
3.840920460230115574e-02
3.844922461230615429e-02
3.848924462231115284e-02
3.852926463231615833e-02
3.856928464232116383e-02
3.860930465232616238e-02
3.864932466233116787e-02
3.868934467233617336e-02
3.872936468234117191e-02
3.876938469234617046e-02
3.880940470235117595e-02
3.884942471235618144e-02
3.888944472236118000e-02
3.892946473236618549e-02
3.896948474237119098e-02
3.900950475237618953e-02
3.904952476238118808e-02
3.908954477238619357e-02
3.912956478239119906e-02
3.916958479239619761e-02
3.920960480240120311e-02
3.924962481240620860e-02
3.928964482241120715e-02
3.932966483241620570e-02
3.936968484242121119e-02
3.940970485242621668e-02
3.944972486243121523e-02
3.948974487243621379e-02
3.952976488244122621e-02
3.956978489244622477e-02
3.960980490245122332e-02
3.964982491245622881e-02
3.968984492246123430e-02
3.972986493246623285e-02
3.976988494247123140e-02
3.980990495247624383e-02
3.984992496248124239e-02
3.988994497248624094e-02
3.992996498249124643e-02
3.996998499249625192e-02
4.001000500250125047e-02
4.005002501250624902e-02
4.009004502251126145e-02
4.013006503251626000e-02
4.017008504252125856e-02
4.021010505252626405e-02
4.025012506253126954e-02
4.029014507253626809e-02
4.033016508254126664e-02
4.037018509254627907e-02
4.041020510255127762e-02
4.045022511255627617e-02
4.049024512256128167e-02
4.053026513256628716e-02
4.057028514257128571e-02
4.061030515257628426e-02
4.065032516258129669e-02
4.069034517258629524e-02
4.073036518259129379e-02
4.077038519259629928e-02
4.081040520260130477e-02
4.085042521260630333e-02
4.089044522261130188e-02
4.093046523261631431e-02
4.097048524262131286e-02
4.101050525262631141e-02
4.105052526263131690e-02
4.109054527263632239e-02
4.113056528264132095e-02
4.117058529264631950e-02
4.121060530265133193e-02
4.125062531265633048e-02
4.129064532266132903e-02
4.133066533266633452e-02
4.137068534267134001e-02
4.141070535267633856e-02
4.145072536268133712e-02
4.149074537268634955e-02
4.153076538269134810e-02
4.157078539269634665e-02
4.161080540270135214e-02
4.165082541270635763e-02
4.169084542271135618e-02
4.173086543271635473e-02
4.177088544272136023e-02
4.181090545272636572e-02
4.185092546273136427e-02
4.189094547273636976e-02
4.193096548274137525e-02
4.197098549274637380e-02
4.201100550275137235e-02
4.205102551275637784e-02
4.209104552276138334e-02
4.213106553276638189e-02
4.217108554277138738e-02
4.221110555277639287e-02
4.225112556278139142e-02
4.229114557278638997e-02
4.233116558279139546e-02
4.237118559279640095e-02
4.241120560280139951e-02
4.245122561280640500e-02
4.249124562281141049e-02
4.253126563281640904e-02
4.257128564282140759e-02
4.261130565282641308e-02
4.265132566283141857e-02
4.269134567283641712e-02
4.273136568284142262e-02
4.277138569284642811e-02
4.281140570285142666e-02
4.285142571285642521e-02
4.289144572286143070e-02
4.293146573286643619e-02
4.297148574287143474e-02
4.301150575287644023e-02
4.305152576288144572e-02
4.309154577288644428e-02
4.313156578289144283e-02
4.317158579289644832e-02
4.321160580290145381e-02
4.325162581290645236e-02
4.329164582291145785e-02
4.333166583291646334e-02
4.337168584292146190e-02
4.341170585292646045e-02
4.345172586293146594e-02
4.349174587293647143e-02
4.353176588294146998e-02
4.357178589294647547e-02
4.361180590295148096e-02
4.365182591295647951e-02
4.369184592296147807e-02
4.373186593296648356e-02
4.377188594297148905e-02
4.381190595297648760e-02
4.385192596298149309e-02
4.389194597298649858e-02
4.393196598299149713e-02
4.397198599299649568e-02
4.401200600300150118e-02
4.405202601300650667e-02
4.409204602301150522e-02
4.413206603301651071e-02
4.417208604302151620e-02
4.421210605302651475e-02
4.425212606303151330e-02
4.429214607303651879e-02
4.433216608304152428e-02
4.437218609304652284e-02
4.441220610305152833e-02
4.445222611305653382e-02
4.449224612306153237e-02
4.453226613306653092e-02
4.457228614307153641e-02
4.461230615307654190e-02
4.465232616308154046e-02
4.469234617308654595e-02
4.473236618309155144e-02
4.477238619309654999e-02
4.481240620310154854e-02
4.485242621310655403e-02
4.489244622311155952e-02
4.493246623311655807e-02
4.497248624312156356e-02
4.501250625312656906e-02
4.505252626313156761e-02
4.509254627313656616e-02
4.513256628314157165e-02
4.517258629314657714e-02
4.521260630315157569e-02
4.525262631315658118e-02
4.529264632316158667e-02
4.533266633316658523e-02
4.537268634317158378e-02
4.541270635317658927e-02
4.545272636318159476e-02
4.549274637318659331e-02
4.553276638319159880e-02
4.557278639319660429e-02
4.561280640320160285e-02
4.565282641320660140e-02
4.569284642321160689e-02
4.573286643321661238e-02
4.577288644322161093e-02
4.581290645322661642e-02
4.585292646323162191e-02
4.589294647323662046e-02
4.593296648324161902e-02
4.597298649324662451e-02
4.601300650325163000e-02
4.605302651325662855e-02
4.609304652326163404e-02
4.613306653326663953e-02
4.617308654327163808e-02
4.621310655327663663e-02
4.625312656328164213e-02
4.629314657328664762e-02
4.633316658329164617e-02
4.637318659329665166e-02
4.641320660330165715e-02
4.645322661330665570e-02
4.649324662331165425e-02
4.653326663331665974e-02
4.657328664332166523e-02
4.661330665332666379e-02
4.665332666333166928e-02
4.669334667333667477e-02
4.673336668334167332e-02
4.677338669334667187e-02
4.681340670335167736e-02
4.685342671335668285e-02
4.689344672336168141e-02
4.693346673336668690e-02
4.697348674337169239e-02
4.701350675337669094e-02
4.705352676338168949e-02
4.709354677338669498e-02
4.713356678339170047e-02
4.717358679339669902e-02
4.721360680340170451e-02
4.725362681340671001e-02
4.729364682341170856e-02
4.733366683341670711e-02
4.737368684342171260e-02
4.741370685342671809e-02
4.745372686343171664e-02
4.749374687343672213e-02
4.753376688344172762e-02
4.757378689344672618e-02
4.761380690345172473e-02
4.765382691345673022e-02
4.769384692346173571e-02
4.773386693346673426e-02
4.777388694347173975e-02
4.781390695347674524e-02
4.785392696348174379e-02
4.789394697348674235e-02
4.793396698349174784e-02
4.797398699349675333e-02
4.801400700350175188e-02
4.805402701350675737e-02
4.809404702351176286e-02
4.813406703351676141e-02
4.817408704352175997e-02
4.821410705352676546e-02
4.825412706353177095e-02
4.829414707353676950e-02
4.833416708354177499e-02
4.837418709354678048e-02
4.841420710355177903e-02
4.845422711355677758e-02
4.849424712356178307e-02
4.853426713356678857e-02
4.857428714357178712e-02
4.861430715357679261e-02
4.865432716358179810e-02
4.869434717358679665e-02
4.873436718359179520e-02
4.877438719359680069e-02
4.881440720360180618e-02
4.885442721360680474e-02
4.889444722361181023e-02
4.893446723361681572e-02
4.897448724362181427e-02
4.901450725362681282e-02
4.905452726363181831e-02
4.909454727363682380e-02
4.913456728364182236e-02
4.917458729364682785e-02
4.921460730365183334e-02
4.925462731365683189e-02
4.929464732366183044e-02
4.933466733366683593e-02
4.937468734367184142e-02
4.941470735367683997e-02
4.945472736368184546e-02
4.949474737368685096e-02
4.953476738369184951e-02
4.957478739369684806e-02
4.961480740370185355e-02
4.965482741370685904e-02
4.969484742371185759e-02
4.973486743371685614e-02
4.977488744372186857e-02
4.981490745372686713e-02
4.985492746373186568e-02
4.989494747373687117e-02
4.993496748374187666e-02
4.997498749374687521e-02
5.001500750375187376e-02
5.005502751375688619e-02
5.009504752376188474e-02
5.013506753376688330e-02
5.017508754377188879e-02
5.021510755377689428e-02
5.025512756378189283e-02
5.029514757378689138e-02
5.033516758379190381e-02
5.037518759379690236e-02
5.041520760380190092e-02
5.045522761380690641e-02
5.049524762381191190e-02
5.053526763381691045e-02
5.057528764382190900e-02
5.061530765382692143e-02
5.065532766383191998e-02
5.069534767383691853e-02
5.073536768384192402e-02
5.077538769384692952e-02
5.081540770385192807e-02
5.085542771385692662e-02
5.089544772386193905e-02
5.093546773386693760e-02
5.097548774387193615e-02
5.101550775387694164e-02
5.105552776388194713e-02
5.109554777388694569e-02
5.113556778389194424e-02
5.117558779389695667e-02
5.121560780390195522e-02
5.125562781390695377e-02
5.129564782391195926e-02
5.133566783391696475e-02
5.137568784392196330e-02
5.141570785392696880e-02
5.145572786393196735e-02
5.149574787393697284e-02
5.153576788394197139e-02
5.157578789394697688e-02
5.161580790395198237e-02
5.165582791395698092e-02
5.169584792396198641e-02
5.173586793396698497e-02
5.177588794397199046e-02
5.181590795397698901e-02
5.185592796398199450e-02
5.189594797398699999e-02
5.193596798399199854e-02
5.197598799399700403e-02
5.201600800400200258e-02
5.205602801400700808e-02
5.209604802401200663e-02
5.213606803401701212e-02
5.217608804402201761e-02
5.221610805402701616e-02
5.225612806403202165e-02
5.229614807403702020e-02
5.233616808404202569e-02
5.237618809404702425e-02
5.241620810405202974e-02
5.245622811405703523e-02
5.249624812406203378e-02
5.253626813406703927e-02
5.257628814407203782e-02
5.261630815407704331e-02
5.265632816408204186e-02
5.269634817408704736e-02
5.273636818409205285e-02
5.277638819409705140e-02
5.281640820410205689e-02
5.285642821410705544e-02
5.289644822411206093e-02
5.293646823411705948e-02
5.297648824412206497e-02
5.301650825412707047e-02
5.305652826413206902e-02
5.309654827413707451e-02
5.313656828414207306e-02
5.317658829414707855e-02
5.321660830415207710e-02
5.325662831415708259e-02
5.329664832416208115e-02
5.333666833416708664e-02
5.337668834417209213e-02
5.341670835417709068e-02
5.345672836418209617e-02
5.349674837418709472e-02
5.353676838419210021e-02
5.357678839419709876e-02
5.361680840420210425e-02
5.365682841420710975e-02
5.369684842421210830e-02
5.373686843421711379e-02
5.377688844422211234e-02
5.381690845422711783e-02
5.385692846423211638e-02
5.389694847423712187e-02
5.393696848424212736e-02
5.397698849424712592e-02
5.401700850425213141e-02
5.405702851425712996e-02
5.409704852426213545e-02
5.413706853426713400e-02
5.417708854427213949e-02
5.421710855427714498e-02
5.425712856428214353e-02
5.429714857428714903e-02
5.433716858429214758e-02
5.437718859429715307e-02
5.441720860430215162e-02
5.445722861430715711e-02
5.449724862431216260e-02
5.453726863431716115e-02
5.457728864432216664e-02
5.461730865432716520e-02
5.465732866433217069e-02
5.469734867433716924e-02
5.473736868434217473e-02
5.477738869434718022e-02
5.481740870435217877e-02
5.485742871435718426e-02
5.489744872436218281e-02
5.493746873436718831e-02
5.497748874437218686e-02
5.501750875437719235e-02
5.505752876438219784e-02
5.509754877438719639e-02
5.513756878439220188e-02
5.517758879439720043e-02
5.521760880440220592e-02
5.525762881440720448e-02
5.529764882441220997e-02
5.533766883441721546e-02
5.537768884442221401e-02
5.541770885442721950e-02
5.545772886443221805e-02
5.549774887443722354e-02
5.553776888444222209e-02
5.557778889444722759e-02
5.561780890445223308e-02
5.565782891445723163e-02
5.569784892446223712e-02
5.573786893446723567e-02
5.577788894447224116e-02
5.581790895447723971e-02
5.585792896448224520e-02
5.589794897448725070e-02
5.593796898449224925e-02
5.597798899449725474e-02
5.601800900450225329e-02
5.605802901450725878e-02
5.609804902451225733e-02
5.613806903451726282e-02
5.617808904452226831e-02
5.621810905452726687e-02
5.625812906453227236e-02
5.629814907453727091e-02
5.633816908454227640e-02
5.637818909454727495e-02
5.641820910455228044e-02
5.645822911455728593e-02
5.649824912456228448e-02
5.653826913456728998e-02
5.657828914457228853e-02
5.661830915457729402e-02
5.665832916458229257e-02
5.669834917458729806e-02
5.673836918459230355e-02
5.677838919459730210e-02
5.681840920460230759e-02
5.685842921460730615e-02
5.689844922461231164e-02
5.693846923461731019e-02
5.697848924462231568e-02
5.701850925462732117e-02
5.705852926463231972e-02
5.709854927463732521e-02
5.713856928464232376e-02
5.717858929464732926e-02
5.721860930465232781e-02
5.725862931465733330e-02
5.729864932466233879e-02
5.733866933466733734e-02
5.737868934467234283e-02
5.741870935467734138e-02
5.745872936468234687e-02
5.749874937468734543e-02
5.753876938469235092e-02
5.757878939469735641e-02
5.761880940470235496e-02
5.765882941470736045e-02
5.769884942471235900e-02
5.773886943471736449e-02
5.777888944472236304e-02
5.781890945472736854e-02
5.785892946473237403e-02
5.789894947473737258e-02
5.793896948474237807e-02
5.797898949474737662e-02
5.801900950475238211e-02
5.805902951475738066e-02
5.809904952476238615e-02
5.813906953476739164e-02
5.817908954477239020e-02
5.821910955477739569e-02
5.825912956478239424e-02
5.829914957478739973e-02
5.833916958479239828e-02
5.837918959479740377e-02
5.841920960480240926e-02
5.845922961480740782e-02
5.849924962481241331e-02
5.853926963481741186e-02
5.857928964482241735e-02
5.861930965482741590e-02
5.865932966483242139e-02
5.869934967483741994e-02
5.873936968484242543e-02
5.877938969484743092e-02
5.881940970485242948e-02
5.885942971485743497e-02
5.889944972486243352e-02
5.893946973486743901e-02
5.897948974487243756e-02
5.901950975487744305e-02
5.905952976488244854e-02
5.909954977488744710e-02
5.913956978489245259e-02
5.917958979489745114e-02
5.921960980490245663e-02
5.925962981490745518e-02
5.929964982491246067e-02
5.933966983491746616e-02
5.937968984492246471e-02
5.941970985492747021e-02
5.945972986493246876e-02
5.949974987493747425e-02
5.953976988494247280e-02
5.957978989494747829e-02
5.961980990495248378e-02
5.965982991495748233e-02
5.969984992496248782e-02
5.973986993496748638e-02
5.977988994497249187e-02
5.981990995497749042e-02
5.985992996498249591e-02
5.989994997498750140e-02
5.993996998499249995e-02
5.997998999499750544e-02
6.002001000500250399e-02
6.006003001500750949e-02
6.010005002501250804e-02
6.014007003501751353e-02
6.018009004502251902e-02
6.022011005502751757e-02
6.026013006503252306e-02
6.030015007503752161e-02
6.034017008504252710e-02
6.038019009504752566e-02
6.042021010505253115e-02
6.046023011505753664e-02
6.050025012506253519e-02
6.054027013506754068e-02
6.058029014507253923e-02
6.062031015507754472e-02
6.066033016508254327e-02
6.070035017508754877e-02
6.074037018509255426e-02
6.078039019509755281e-02
6.082041020510255830e-02
6.086043021510755685e-02
6.090045022511256234e-02
6.094047023511756089e-02
6.098049024512256638e-02
6.102051025512757187e-02
6.106053026513257043e-02
6.110055027513757592e-02
6.114057028514257447e-02
6.118059029514757996e-02
6.122061030515257851e-02
6.126063031515758400e-02
6.130065032516258949e-02
6.134067033516758805e-02
6.138069034517259354e-02
6.142071035517759209e-02
6.146073036518259758e-02
6.150075037518759613e-02
6.154077038519260162e-02
6.158079039519760711e-02
6.162081040520260566e-02
6.166083041520761115e-02
6.170085042521260971e-02
6.174087043521761520e-02
6.178089044522261375e-02
6.182091045522761924e-02
6.186093046523262473e-02
6.190095047523762328e-02
6.194097048524262877e-02
6.198099049524762733e-02
6.202101050525263282e-02
6.206103051525763137e-02
6.210105052526263686e-02
6.214107053526764235e-02
6.218109054527264090e-02
6.222111055527764639e-02
6.226113056528264494e-02
6.230115057528765043e-02
6.234117058529264899e-02
6.238119059529765448e-02
6.242121060530265997e-02
6.246123061530765852e-02
6.250125062531267095e-02
6.254127063531766950e-02
6.258129064532266805e-02
6.262131065532766661e-02
6.266133066533266516e-02
6.270135067533767759e-02
6.274137068534267614e-02
6.278139069534768857e-02
6.282141070535268712e-02
6.286143071535768567e-02
6.290145072536268422e-02
6.294147073536768278e-02
6.298149074537269521e-02
6.302151075537769376e-02
6.306153076538270619e-02
6.310155077538770474e-02
6.314157078539270329e-02
6.318159079539770184e-02
6.322161080540270039e-02
6.326163081540771282e-02
6.330165082541271138e-02
6.334167083541772381e-02
6.338169084542272236e-02
6.342171085542772091e-02
6.346173086543271946e-02
6.350175087543771801e-02
6.354177088544271657e-02
6.358179089544772900e-02
6.362181090545274142e-02
6.366183091545773998e-02
6.370185092546273853e-02
6.374187093546773708e-02
6.378189094547273563e-02
6.382191095547773418e-02
6.386193096548274661e-02
6.390195097548775904e-02
6.394197098549275760e-02
6.398199099549775615e-02
6.402201100550275470e-02
6.406203101550775325e-02
6.410205102551275180e-02
6.414207103551776423e-02
6.418209104552277666e-02
6.422211105552777521e-02
6.426213106553277377e-02
6.430215107553777232e-02
6.434217108554277087e-02
6.438219109554776942e-02
6.442221110555278185e-02
6.446223111555779428e-02
6.450225112556279283e-02
6.454227113556779138e-02
6.458229114557278994e-02
6.462231115557778849e-02
6.466233116558278704e-02
6.470235117558779947e-02
6.474237118559281190e-02
6.478239119559781045e-02
6.482241120560280900e-02
6.486243121560780756e-02
6.490245122561280611e-02
6.494247123561780466e-02
6.498249124562281709e-02
6.502251125562782952e-02
6.506253126563282807e-02
6.510255127563782662e-02
6.514257128564282517e-02
6.518259129564782373e-02
6.522261130565282228e-02
6.526263131565783471e-02
6.530265132566284714e-02
6.534267133566784569e-02
6.538269134567284424e-02
6.542271135567784279e-02
6.546273136568284134e-02
6.550275137568783990e-02
6.554277138569285233e-02
6.558279139569786476e-02
6.562281140570286331e-02
6.566283141570786186e-02
6.570285142571286041e-02
6.574287143571785896e-02
6.578289144572285752e-02
6.582291145572786994e-02
6.586293146573288237e-02
6.590295147573788093e-02
6.594297148574287948e-02
6.598299149574787803e-02
6.602301150575287658e-02
6.606303151575787513e-02
6.610305152576288756e-02
6.614307153576789999e-02
6.618309154577289855e-02
6.622311155577789710e-02
6.626313156578289565e-02
6.630315157578789420e-02
6.634317158579289275e-02
6.638319159579790518e-02
6.642321160580291761e-02
6.646323161580791616e-02
6.650325162581291472e-02
6.654327163581791327e-02
6.658329164582291182e-02
6.662331165582791037e-02
6.666333166583292280e-02
6.670335167583793523e-02
6.674337168584293378e-02
6.678339169584793233e-02
6.682341170585293089e-02
6.686343171585792944e-02
6.690345172586292799e-02
6.694347173586794042e-02
6.698349174587295285e-02
6.702351175587795140e-02
6.706353176588294995e-02
6.710355177588794851e-02
6.714357178589294706e-02
6.718359179589794561e-02
6.722361180590295804e-02
6.726363181590797047e-02
6.730365182591296902e-02
6.734367183591796757e-02
6.738369184592296612e-02
6.742371185592796468e-02
6.746373186593296323e-02
6.750375187593797566e-02
6.754377188594298809e-02
6.758379189594798664e-02
6.762381190595298519e-02
6.766383191595798374e-02
6.770385192596298229e-02
6.774387193596798085e-02
6.778389194597299328e-02
6.782391195597800571e-02
6.786393196598300426e-02
6.790395197598800281e-02
6.794397198599300136e-02
6.798399199599799991e-02
6.802401200600299846e-02
6.806403201600801089e-02
6.810405202601302332e-02
6.814407203601802188e-02
6.818409204602302043e-02
6.822411205602801898e-02
6.826413206603301753e-02
6.830415207603801608e-02
6.834417208604302851e-02
6.838419209604804094e-02
6.842421210605303949e-02
6.846423211605803805e-02
6.850425212606303660e-02
6.854427213606803515e-02
6.858429214607303370e-02
6.862431215607804613e-02
6.866433216608305856e-02
6.870435217608805711e-02
6.874437218609305567e-02
6.878439219609805422e-02
6.882441220610305277e-02
6.886443221610805132e-02
6.890445222611306375e-02
6.894447223611806230e-02
6.898449224612307473e-02
6.902451225612807328e-02
6.906453226613307184e-02
6.910455227613807039e-02
6.914457228614306894e-02
6.918459229614808137e-02
6.922461230615307992e-02
6.926463231615809235e-02
6.930465232616309090e-02
6.934467233616808945e-02
6.938469234617308801e-02
6.942471235617808656e-02
6.946473236618309899e-02
6.950475237618809754e-02
6.954477238619310997e-02
6.958479239619810852e-02
6.962481240620310707e-02
6.966483241620810563e-02
6.970485242621310418e-02
6.974487243621811661e-02
6.978489244622311516e-02
6.982491245622812759e-02
6.986493246623312614e-02
6.990495247623812469e-02
6.994497248624312324e-02
6.998499249624812180e-02
7.002501250625313423e-02
7.006503251625813278e-02
7.010505252626314521e-02
7.014507253626814376e-02
7.018509254627314231e-02
7.022511255627814086e-02
7.026513256628313941e-02
7.030515257628815184e-02
7.034517258629315040e-02
7.038519259629816283e-02
7.042521260630316138e-02
7.046523261630815993e-02
7.050525262631315848e-02
7.054527263631815703e-02
7.058529264632316946e-02
7.062531265632816802e-02
7.066533266633318044e-02
7.070535267633817900e-02
7.074537268634317755e-02
7.078539269634817610e-02
7.082541270635317465e-02
7.086543271635818708e-02
7.090545272636318563e-02
7.094547273636819806e-02
7.098549274637319662e-02
7.102551275637819517e-02
7.106553276638319372e-02
7.110555277638819227e-02
7.114557278639320470e-02
7.118559279639820325e-02
7.122561280640321568e-02
7.126563281640821423e-02
7.130565282641321279e-02
7.134567283641821134e-02
7.138569284642320989e-02
7.142571285642822232e-02
7.146573286643322087e-02
7.150575287643823330e-02
7.154577288644323185e-02
7.158579289644823040e-02
7.162581290645322896e-02
7.166583291645822751e-02
7.170585292646323994e-02
7.174587293646823849e-02
7.178589294647325092e-02
7.182591295647824947e-02
7.186593296648324802e-02
7.190595297648824658e-02
7.194597298649324513e-02
7.198599299649825756e-02
7.202601300650325611e-02
7.206603301650826854e-02
7.210605302651326709e-02
7.214607303651826564e-02
7.218609304652326419e-02
7.222611305652826275e-02
7.226613306653327518e-02
7.230615307653827373e-02
7.234617308654328616e-02
7.238619309654828471e-02
7.242621310655328326e-02
7.246623311655828181e-02
7.250625312656328036e-02
7.254627313656829279e-02
7.258629314657329135e-02
7.262631315657830378e-02
7.266633316658330233e-02
7.270635317658830088e-02
7.274637318659329943e-02
7.278639319659829798e-02
7.282641320660331041e-02
7.286643321660830896e-02
7.290645322661332139e-02
7.294647323661831995e-02
7.298649324662331850e-02
7.302651325662831705e-02
7.306653326663331560e-02
7.310655327663832803e-02
7.314657328664332658e-02
7.318659329664833901e-02
7.322661330665333757e-02
7.326663331665833612e-02
7.330665332666333467e-02
7.334667333666833322e-02
7.338669334667334565e-02
7.342671335667834420e-02
7.346673336668335663e-02
7.350675337668835518e-02
7.354677338669335374e-02
7.358679339669835229e-02
7.362681340670335084e-02
7.366683341670836327e-02
7.370685342671336182e-02
7.374687343671837425e-02
7.378689344672337280e-02
7.382691345672837135e-02
7.386693346673336991e-02
7.390695347673836846e-02
7.394697348674338089e-02
7.398699349674837944e-02
7.402701350675339187e-02
7.406703351675839042e-02
7.410705352676338897e-02
7.414707353676838752e-02
7.418709354677338608e-02
7.422711355677839851e-02
7.426713356678339706e-02
7.430715357678840949e-02
7.434717358679340804e-02
7.438719359679840659e-02
7.442721360680340514e-02
7.446723361680840370e-02
7.450725362681341613e-02
7.454727363681841468e-02
7.458729364682342711e-02
7.462731365682842566e-02
7.466733366683342421e-02
7.470735367683842276e-02
7.474737368684342131e-02
7.478739369684843374e-02
7.482741370685343230e-02
7.486743371685844473e-02
7.490745372686344328e-02
7.494747373686844183e-02
7.498749374687344038e-02
7.502751375687843893e-02
7.506753376688345136e-02
7.510755377688844991e-02
7.514757378689346234e-02
7.518759379689846090e-02
7.522761380690345945e-02
7.526763381690845800e-02
7.530765382691345655e-02
7.534767383691846898e-02
7.538769384692346753e-02
7.542771385692847996e-02
7.546773386693347851e-02
7.550775387693847707e-02
7.554777388694347562e-02
7.558779389694847417e-02
7.562781390695348660e-02
7.566783391695848515e-02
7.570785392696349758e-02
7.574787393696849613e-02
7.578789394697349469e-02
7.582791395697849324e-02
7.586793396698349179e-02
7.590795397698850422e-02
7.594797398699350277e-02
7.598799399699851520e-02
7.602801400700351375e-02
7.606803401700851230e-02
7.610805402701351086e-02
7.614807403701850941e-02
7.618809404702352184e-02
7.622811405702852039e-02
7.626813406703353282e-02
7.630815407703853137e-02
7.634817408704352992e-02
7.638819409704852847e-02
7.642821410705352703e-02
7.646823411705853946e-02
7.650825412706353801e-02
7.654827413706855044e-02
7.658829414707354899e-02
7.662831415707854754e-02
7.666833416708354609e-02
7.670835417708854465e-02
7.674837418709355708e-02
7.678839419709855563e-02
7.682841420710356806e-02
7.686843421710856661e-02
7.690845422711356516e-02
7.694847423711856371e-02
7.698849424712356226e-02
7.702851425712857469e-02
7.706853426713357325e-02
7.710855427713858568e-02
7.714857428714358423e-02
7.718859429714858278e-02
7.722861430715358133e-02
7.726863431715857988e-02
7.730865432716359231e-02
7.734867433716859086e-02
7.738869434717360329e-02
7.742871435717860185e-02
7.746873436718360040e-02
7.750875437718859895e-02
7.754877438719359750e-02
7.758879439719860993e-02
7.762881440720360848e-02
7.766883441720862091e-02
7.770885442721361946e-02
7.774887443721861802e-02
7.778889444722361657e-02
7.782891445722861512e-02
7.786893446723362755e-02
7.790895447723862610e-02
7.794897448724363853e-02
7.798899449724863708e-02
7.802901450725363564e-02
7.806903451725863419e-02
7.810905452726363274e-02
7.814907453726864517e-02
7.818909454727364372e-02
7.822911455727865615e-02
7.826913456728365470e-02
7.830915457728865325e-02
7.834917458729365181e-02
7.838919459729865036e-02
7.842921460730366279e-02
7.846923461730866134e-02
7.850925462731367377e-02
7.854927463731867232e-02
7.858929464732367087e-02
7.862931465732866942e-02
7.866933466733366798e-02
7.870935467733868041e-02
7.874937468734367896e-02
7.878939469734869139e-02
7.882941470735368994e-02
7.886943471735868849e-02
7.890945472736368704e-02
7.894947473736868560e-02
7.898949474737369802e-02
7.902951475737869658e-02
7.906953476738370901e-02
7.910955477738870756e-02
7.914957478739370611e-02
7.918959479739870466e-02
7.922961480740370321e-02
7.926963481740871564e-02
7.930965482741371420e-02
7.934967483741872663e-02
7.938969484742372518e-02
7.942971485742872373e-02
7.946973486743372228e-02
7.950975487743872083e-02
7.954977488744373326e-02
7.958979489744873181e-02
7.962981490745374424e-02
7.966983491745874280e-02
7.970985492746374135e-02
7.974987493746873990e-02
7.978989494747373845e-02
7.982991495747875088e-02
7.986993496748374943e-02
7.990995497748876186e-02
7.994997498749376041e-02
7.998999499749875897e-02
8.003001500750375752e-02
8.007003501750875607e-02
8.011005502751376850e-02
8.015007503751876705e-02
8.019009504752377948e-02
8.023011505752877803e-02
8.027013506753377658e-02
8.031015507753877514e-02
8.035017508754377369e-02
8.039019509754878612e-02
8.043021510755378467e-02
8.047023511755879710e-02
8.051025512756379565e-02
8.055027513756879420e-02
8.059029514757379276e-02
8.063031515757879131e-02
8.067033516758380374e-02
8.071035517758880229e-02
8.075037518759381472e-02
8.079039519759881327e-02
8.083041520760381182e-02
8.087043521760881037e-02
8.091045522761380893e-02
8.095047523761882136e-02
8.099049524762381991e-02
8.103051525762883234e-02
8.107053526763383089e-02
8.111055527763882944e-02
8.115057528764382799e-02
8.119059529764882654e-02
8.123061530765383897e-02
8.127063531765883753e-02
8.131065532766384996e-02
8.135067533766884851e-02
8.139069534767384706e-02
8.143071535767884561e-02
8.147073536768384416e-02
8.151075537768885659e-02
8.155077538769385515e-02
8.159079539769886757e-02
8.163081540770386613e-02
8.167083541770886468e-02
8.171085542771386323e-02
8.175087543771886178e-02
8.179089544772387421e-02
8.183091545772887276e-02
8.187093546773388519e-02
8.191095547773888375e-02
8.195097548774388230e-02
8.199099549774888085e-02
8.203101550775387940e-02
8.207103551775889183e-02
8.211105552776389038e-02
8.215107553776890281e-02
8.219109554777390136e-02
8.223111555777889992e-02
8.227113556778389847e-02
8.231115557778889702e-02
8.235117558779390945e-02
8.239119559779890800e-02
8.243121560780392043e-02
8.247123561780891898e-02
8.251125562781391753e-02
8.255127563781891609e-02
8.259129564782391464e-02
8.263131565782891319e-02
8.267133566783393950e-02
8.271135567783893805e-02
8.275137568784393660e-02
8.279139569784893515e-02
8.283141570785393371e-02
8.287143571785893226e-02
8.291145572786393081e-02
8.295147573786895712e-02
8.299149574787395567e-02
8.303151575787895422e-02
8.307153576788395277e-02
8.311155577788895132e-02
8.315157578789394988e-02
8.319159579789894843e-02
8.323161580790397474e-02
8.327163581790897329e-02
8.331165582791397184e-02
8.335167583791897039e-02
8.339169584792396894e-02
8.343171585792896749e-02
8.347173586793396605e-02
8.351175587793899235e-02
8.355177588794399091e-02
8.359179589794898946e-02
8.363181590795398801e-02
8.367183591795898656e-02
8.371185592796398511e-02
8.375187593796898367e-02
8.379189594797400997e-02
8.383191595797900852e-02
8.387193596798400708e-02
8.391195597798900563e-02
8.395197598799400418e-02
8.399199599799900273e-02
8.403201600800400128e-02
8.407203601800902759e-02
8.411205602801402614e-02
8.415207603801902470e-02
8.419209604802402325e-02
8.423211605802902180e-02
8.427213606803402035e-02
8.431215607803901890e-02
8.435217608804404521e-02
8.439219609804904376e-02
8.443221610805404231e-02
8.447223611805904087e-02
8.451225612806403942e-02
8.455227613806903797e-02
8.459229614807403652e-02
8.463231615807906283e-02
8.467233616808406138e-02
8.471235617808905993e-02
8.475237618809405848e-02
8.479239619809905704e-02
8.483241620810405559e-02
8.487243621810905414e-02
8.491245622811408045e-02
8.495247623811907900e-02
8.499249624812407755e-02
8.503251625812907610e-02
8.507253626813407466e-02
8.511255627813907321e-02
8.515257628814407176e-02
8.519259629814909807e-02
8.523261630815409662e-02
8.527263631815909517e-02
8.531265632816409372e-02
8.535267633816909227e-02
8.539269634817409083e-02
8.543271635817908938e-02
8.547273636818411569e-02
8.551275637818911424e-02
8.555277638819411279e-02
8.559279639819911134e-02
8.563281640820410989e-02
8.567283641820910844e-02
8.571285642821410700e-02
8.575287643821913330e-02
8.579289644822413186e-02
8.583291645822913041e-02
8.587293646823412896e-02
8.591295647823912751e-02
8.595297648824412606e-02
8.599299649824912462e-02
8.603301650825415092e-02
8.607303651825914947e-02
8.611305652826414803e-02
8.615307653826914658e-02
8.619309654827414513e-02
8.623311655827914368e-02
8.627313656828414223e-02
8.631315657828916854e-02
8.635317658829416709e-02
8.639319659829916564e-02
8.643321660830416420e-02
8.647323661830916275e-02
8.651325662831416130e-02
8.655327663831915985e-02
8.659329664832415840e-02
8.663331665832918471e-02
8.667333666833418326e-02
8.671335667833918182e-02
8.675337668834418037e-02
8.679339669834917892e-02
8.683341670835417747e-02
8.687343671835917602e-02
8.691345672836420233e-02
8.695347673836920088e-02
8.699349674837419943e-02
8.703351675837919799e-02
8.707353676838419654e-02
8.711355677838919509e-02
8.715357678839419364e-02
8.719359679839921995e-02
8.723361680840421850e-02
8.727363681840921705e-02
8.731365682841421560e-02
8.735367683841921416e-02
8.739369684842421271e-02
8.743371685842921126e-02
8.747373686843423757e-02
8.751375687843923612e-02
8.755377688844423467e-02
8.759379689844923322e-02
8.763381690845423178e-02
8.767383691845923033e-02
8.771385692846422888e-02
8.775387693846925519e-02
8.779389694847425374e-02
8.783391695847925229e-02
8.787393696848425084e-02
8.791395697848924939e-02
8.795397698849424795e-02
8.799399699849924650e-02
8.803401700850427281e-02
8.807403701850927136e-02
8.811405702851426991e-02
8.815407703851926846e-02
8.819409704852426701e-02
8.823411705852926556e-02
8.827413706853426412e-02
8.831415707853929042e-02
8.835417708854428898e-02
8.839419709854928753e-02
8.843421710855428608e-02
8.847423711855928463e-02
8.851425712856428318e-02
8.855427713856928174e-02
8.859429714857430804e-02
8.863431715857930659e-02
8.867433716858430515e-02
8.871435717858930370e-02
8.875437718859430225e-02
8.879439719859930080e-02
8.883441720860429935e-02
8.887443721860932566e-02
8.891445722861432421e-02
8.895447723861932277e-02
8.899449724862432132e-02
8.903451725862931987e-02
8.907453726863431842e-02
8.911455727863931697e-02
8.915457728864434328e-02
8.919459729864934183e-02
8.923461730865434038e-02
8.927463731865933894e-02
8.931465732866433749e-02
8.935467733866933604e-02
8.939469734867433459e-02
8.943471735867936090e-02
8.947473736868435945e-02
8.951475737868935800e-02
8.955477738869435655e-02
8.959479739869935511e-02
8.963481740870435366e-02
8.967483741870935221e-02
8.971485742871437852e-02
8.975487743871937707e-02
8.979489744872437562e-02
8.983491745872937417e-02
8.987493746873437273e-02
8.991495747873937128e-02
8.995497748874436983e-02
8.999499749874939614e-02
9.003501750875439469e-02
9.007503751875939324e-02
9.011505752876439179e-02
9.015507753876939034e-02
9.019509754877438890e-02
9.023511755877938745e-02
9.027513756878441376e-02
9.031515757878941231e-02
9.035517758879441086e-02
9.039519759879940941e-02
9.043521760880440796e-02
9.047523761880940651e-02
9.051525762881440507e-02
9.055527763881943137e-02
9.059529764882442993e-02
9.063531765882942848e-02
9.067533766883442703e-02
9.071535767883942558e-02
9.075537768884442413e-02
9.079539769884942269e-02
9.083541770885444899e-02
9.087543771885944754e-02
9.091545772886444610e-02
9.095547773886944465e-02
9.099549774887444320e-02
9.103551775887944175e-02
9.107553776888444030e-02
9.111555777888946661e-02
9.115557778889446516e-02
9.119559779889946372e-02
9.123561780890446227e-02
9.127563781890946082e-02
9.131565782891445937e-02
9.135567783891945792e-02
9.139569784892448423e-02
9.143571785892948278e-02
9.147573786893448133e-02
9.151575787893947989e-02
9.155577788894447844e-02
9.159579789894947699e-02
9.163581790895447554e-02
9.167583791895950185e-02
9.171585792896450040e-02
9.175587793896949895e-02
9.179589794897449750e-02
9.183591795897949606e-02
9.187593796898449461e-02
9.191595797898949316e-02
9.195597798899451947e-02
9.199599799899951802e-02
9.203601800900451657e-02
9.207603801900951512e-02
9.211605802901451368e-02
9.215607803901951223e-02
9.219609804902451078e-02
9.223611805902953709e-02
9.227613806903453564e-02
9.231615807903953419e-02
9.235617808904453274e-02
9.239619809904953129e-02
9.243621810905452985e-02
9.247623811905952840e-02
9.251625812906455470e-02
9.255627813906955326e-02
9.259629814907455181e-02
9.263631815907955036e-02
9.267633816908454891e-02
9.271635817908954746e-02
9.275637818909454602e-02
9.279639819909957232e-02
9.283641820910457088e-02
9.287643821910956943e-02
9.291645822911456798e-02
9.295647823911956653e-02
9.299649824912456508e-02
9.303651825912956363e-02
9.307653826913458994e-02
9.311655827913958849e-02
9.315657828914458705e-02
9.319659829914958560e-02
9.323661830915458415e-02
9.327663831915958270e-02
9.331665832916458125e-02
9.335667833916960756e-02
9.339669834917460611e-02
9.343671835917960466e-02
9.347673836918460322e-02
9.351675837918960177e-02
9.355677838919460032e-02
9.359679839919959887e-02
9.363681840920462518e-02
9.367683841920962373e-02
9.371685842921462228e-02
9.375687843921962084e-02
9.379689844922461939e-02
9.383691845922961794e-02
9.387693846923461649e-02
9.391695847923964280e-02
9.395697848924464135e-02
9.399699849924963990e-02
9.403701850925463845e-02
9.407703851925963701e-02
9.411705852926463556e-02
9.415707853926963411e-02
9.419709854927466042e-02
9.423711855927965897e-02
9.427713856928465752e-02
9.431715857928965607e-02
9.435717858929465462e-02
9.439719859929965318e-02
9.443721860930465173e-02
9.447723861930967804e-02
9.451725862931467659e-02
9.455727863931967514e-02
9.459729864932467369e-02
9.463731865932967224e-02
9.467733866933467080e-02
9.471735867933966935e-02
9.475737868934469565e-02
9.479739869934969421e-02
9.483741870935469276e-02
9.487743871935969131e-02
9.491745872936468986e-02
9.495747873936968841e-02
9.499749874937468697e-02
9.503751875937971327e-02
9.507753876938471183e-02
9.511755877938971038e-02
9.515757878939470893e-02
9.519759879939970748e-02
9.523761880940470603e-02
9.527763881940970458e-02
9.531765882941473089e-02
9.535767883941972944e-02
9.539769884942472800e-02
9.543771885942972655e-02
9.547773886943472510e-02
9.551775887943972365e-02
9.555777888944472220e-02
9.559779889944974851e-02
9.563781890945474706e-02
9.567783891945974561e-02
9.571785892946474417e-02
9.575787893946974272e-02
9.579789894947474127e-02
9.583791895947973982e-02
9.587793896948476613e-02
9.591795897948976468e-02
9.595797898949476323e-02
9.599799899949976179e-02
9.603801900950476034e-02
9.607803901950975889e-02
9.611805902951475744e-02
9.615807903951978375e-02
9.619809904952478230e-02
9.623811905952978085e-02
9.627813906953477940e-02
9.631815907953977796e-02
9.635817908954477651e-02
9.639819909954977506e-02
9.643821910955480137e-02
9.647823911955979992e-02
9.651825912956479847e-02
9.655827913956979702e-02
9.659829914957479557e-02
9.663831915957979413e-02
9.667833916958479268e-02
9.671835917958981899e-02
9.675837918959481754e-02
9.679839919959981609e-02
9.683841920960481464e-02
9.687843921960981319e-02
9.691845922961481175e-02
9.695847923961981030e-02
9.699849924962483660e-02
9.703851925962983516e-02
9.707853926963483371e-02
9.711855927963983226e-02
9.715857928964483081e-02
9.719859929964982936e-02
9.723861930965482792e-02
9.727863931965985422e-02
9.731865932966485278e-02
9.735867933966985133e-02
9.739869934967484988e-02
9.743871935967984843e-02
9.747873936968484698e-02
9.751875937968984553e-02
9.755877938969487184e-02
9.759879939969987039e-02
9.763881940970486895e-02
9.767883941970986750e-02
9.771885942971486605e-02
9.775887943971986460e-02
9.779889944972486315e-02
9.783891945972988946e-02
9.787893946973488801e-02
9.791895947973988656e-02
9.795897948974488512e-02
9.799899949974988367e-02
9.803901950975488222e-02
9.807903951975988077e-02
9.811905952976490708e-02
9.815907953976990563e-02
9.819909954977490418e-02
9.823911955977990274e-02
9.827913956978490129e-02
9.831915957978989984e-02
9.835917958979489839e-02
9.839919959979992470e-02
9.843921960980492325e-02
9.847923961980992180e-02
9.851925962981492035e-02
9.855927963981991891e-02
9.859929964982491746e-02
9.863931965982991601e-02
9.867933966983494232e-02
9.871935967983994087e-02
9.875937968984493942e-02
9.879939969984993797e-02
9.883941970985493652e-02
9.887943971985993508e-02
9.891945972986493363e-02
9.895947973986995994e-02
9.899949974987495849e-02
9.903951975987995704e-02
9.907953976988495559e-02
9.911955977988995414e-02
9.915957978989495269e-02
9.919959979989995125e-02
9.923961980990497755e-02
9.927963981990997611e-02
9.931965982991497466e-02
9.935967983991997321e-02
9.939969984992497176e-02
9.943971985992997031e-02
9.947973986993496887e-02
9.951975987993999517e-02
9.955977988994499372e-02
9.959979989994999228e-02
9.963981990995499083e-02
9.967983991995998938e-02
9.971985992996498793e-02
9.975987993996998648e-02
9.979989994997501279e-02
9.983991995998001134e-02
9.987993996998500990e-02
9.991995997999000845e-02
9.995997998999500700e-02
1.000000000000000056e-01
