8.905861156198530137e-02 1.185071726248090984e+00 3.895809314183212857e-02
6.124052750478943541e-02 9.382342982070299708e-01 4.249783031772351449e-02
6.720614733428387222e-03 9.035607836650160207e-01 4.996736587078269565e-02
2.707162420854373336e-02 8.541917784368329158e-01 8.775353930012252945e-02
3.034643774808368916e-02 1.073494320817663938e+00 6.693123958314618760e-02
2.392839091806936436e-02 8.188624740078096487e-01 6.438657458039337422e-02
8.609794532467637818e-02 8.352313918665639214e-01 5.707042982719237600e-02
5.736089941998004371e-02 9.813634838663454207e-01 6.544837412564727397e-02
1.241975672850552381e-02 1.195760395295506928e+00 8.571054095419210206e-02
8.411875394184023524e-02 8.961643200864459757e-01 6.452773955636145753e-02
9.391503682428974098e-02 1.142360739915932122e+00 8.036328361826688971e-02
3.377029326129833697e-02 8.056393089633305804e-01 3.245672832568112509e-02
5.915294687125036838e-02 1.003072877659126227e+00 3.642309134093071887e-02
2.090018587387927618e-02 1.247291481023553805e+00 8.822579130897993671e-02
4.755677198338491285e-03 1.223265281113205205e+00 4.728836391362811059e-02
8.082819334336917294e-02 8.361614993195689571e-01 5.470414912489593440e-02
2.880560924271086121e-02 1.115877763441496917e+00 4.211159725840250834e-02
9.190058837128117775e-04 1.049552299747426254e+00 6.609861011533796349e-02
1.503282724523036240e-02 1.043612132118157954e+00 8.249940777880861165e-02
2.696499060635736481e-02 9.591298935020140526e-01 6.626403608351014163e-02
3.899850323551793535e-02 9.735994742987486017e-01 6.513074019285539085e-02
4.706813589674913034e-02 1.147250259868504152e+00 6.958835469692925546e-02
7.686401860688155119e-03 8.195473211292612081e-01 3.736444597592403910e-02
1.561235942115287573e-02 9.092482330364088927e-01 3.016002937786164614e-02
1.684107063213888950e-02 9.808701830459078952e-01 4.536717704126392442e-02
4.245986027894253084e-02 8.407230100976880172e-01 4.784247937178388865e-02
7.143467859762342442e-02 9.032793453518614957e-01 3.073683382584150442e-02
3.919974329157116522e-02 1.004507275731795879e+00 3.231676829604525347e-02
4.016331973480252032e-02 1.024677203439897211e+00 5.208937901741351323e-02
3.614531835278716326e-02 9.778350446061143675e-01 6.234828637534383516e-02
9.805419932574530040e-02 8.201239878367152514e-01 4.049139321758882248e-02
6.998752373870679999e-02 8.977495254479272990e-01 3.476733033398021755e-02
8.870148972309843671e-02 1.053676489690686058e+00 3.814211287199537059e-02
2.292591253508710278e-02 8.029649132623629670e-01 6.390215895308160032e-02
7.078230133648028000e-02 7.988437311798595175e-01 5.684074581203042015e-02
7.770751238890576118e-02 1.086298730981659411e+00 5.301034641622909965e-02
8.616209855797710149e-04 1.117723243969256153e+00 8.342331953366219355e-02
1.764956711849564874e-02 9.978284298040566158e-01 3.260003707286153463e-02
2.835153086423116905e-02 1.003916207598362531e+00 7.180350909951839500e-02
6.437366283298170955e-02 1.028076533165660056e+00 8.899295740957248457e-02
7.572188929135720281e-02 7.881586182532556162e-01 3.957993767110433436e-02
2.821111037752425249e-02 9.375574993984581162e-01 7.418539924962383458e-02
5.606176664184833736e-02 8.477124612167309392e-01 3.398478322739660606e-02
6.878883647298122961e-02 8.352675540478280425e-01 5.191780307562235408e-02
8.178246991675425237e-02 1.073871184186137917e+00 3.867589066144122567e-02
7.450596713779841784e-02 1.063796907620661036e+00 6.544370637867219509e-02
7.544902490153997110e-02 7.754422259335675971e-01 4.404572885745078326e-02
7.727389730894068665e-02 8.405229159220264368e-01 4.264508928758452971e-02
3.448620954614034506e-02 8.825258146124517200e-01 5.038470324189645022e-02
7.779906929286106720e-02 8.589578501287162826e-01 7.666631088092640267e-02
7.699559394349284047e-02 1.013673326320917223e+00 4.482321143711878730e-02
1.348090014598032210e-02 9.350209533885863733e-01 3.789825388339297663e-02
3.907093319961733174e-02 1.061809503288123402e+00 3.092102457901013679e-02
7.344775024324788626e-02 1.221332549820890234e+00 8.125262090552100303e-02
4.719838477629422629e-02 1.197993550533172691e+00 4.598315770778341194e-02
1.282098809125501587e-02 7.954279649268524155e-01 5.785252540773749147e-02
7.160354177837746636e-02 1.222580070205788738e+00 8.655521617489093933e-02
3.123929462176777694e-02 1.192805641679769213e+00 5.112843514181202031e-02
8.029904222221941057e-02 1.022910602252508738e+00 3.873694656282079818e-02
8.750567742355062906e-02 1.159038627969291912e+00 8.120264193874739134e-02
5.693120187975565794e-02 9.018462568731178131e-01 4.490219542439116696e-02
7.809190941542551445e-02 1.231613081810750687e+00 7.767371311156792690e-02
5.511210071245296188e-02 1.139526125688941960e+00 4.821536198939654211e-02
7.808440169898697714e-02 1.082184135348684517e+00 6.023353583430172964e-02
3.084427589192342486e-02 7.527275935331340095e-01 7.296238377996662472e-02
9.931044977126105011e-02 8.415287980227696973e-01 3.906658008853204633e-02
8.549944982844961960e-02 1.076128875932999218e+00 4.960109343799852522e-02
8.676747628393521872e-02 1.035611080268024065e+00 5.914329880300447234e-02
3.431199949002938787e-02 9.338937569820234819e-01 8.833853511686468041e-02
1.949777228186942019e-02 1.187946673291977895e+00 3.711130897211957491e-02
2.646639314628329576e-03 8.201506460426737366e-01 5.436566321572046390e-02
6.567634639471568725e-02 1.109052084976392072e+00 6.801430583741310820e-02
9.697958812547986807e-02 9.527160605229210155e-01 5.503931497804950140e-02
7.129489116560316919e-02 1.210066118819357328e+00 5.186689414232482920e-02
7.686354059703427721e-02 1.123892926038130291e+00 7.389819111465474599e-02
7.236554402687798981e-02 9.315942061826987253e-01 5.868736860472167916e-02
9.098183461628416013e-02 8.780218078183048558e-01 6.487037975152408487e-02
1.547049234911897914e-02 1.141522110347244379e+00 8.443852004570059910e-02
2.299342722988720333e-03 7.858450030314123591e-01 3.195663536155599754e-02
3.496337890710535939e-02 1.048313693097786103e+00 7.671834938695670791e-02
5.038694071543062952e-02 1.005630378626282129e+00 6.735400796828230896e-02
4.690769933473667996e-02 9.340439020348838550e-01 7.948785159116530941e-02
4.709270055052607040e-02 1.204749752682709563e+00 4.236352631618532649e-02
4.657541747604381638e-02 1.082394188558882808e+00 7.161398882111238984e-02
2.897847933768912462e-02 1.122503422990291710e+00 7.734111194299551906e-02
1.109466777382023261e-02 1.168247849886046463e+00 4.464812598031626251e-02
9.838664146306819180e-02 8.636743636625532350e-01 6.773189208135113604e-02
9.978720370325641631e-02 1.189147361310880058e+00 3.452916389887830673e-02
4.653705712073454015e-02 1.107032153947409281e+00 3.213118884839565037e-02
3.833718934906476389e-02 9.167584319961253891e-01 4.845395732379994408e-02
4.716946054646279501e-02 1.100762875863853463e+00 6.589545659919934795e-02
4.516485074411578232e-02 1.178676804665284905e+00 6.290290644420086508e-02
5.386322240374682990e-02 8.535029519169482493e-01 5.770898323047948808e-02
6.854973532110528178e-02 1.006629186782915131e+00 4.982493670390485130e-02
9.877019786896210074e-02 8.119250739755647928e-01 5.559567993801920599e-02
3.991590087489408495e-02 8.617962881721096258e-01 4.704737915955586880e-02
5.957064388912342023e-02 8.018254730807548025e-01 3.260297738037107318e-02
8.816329395604061148e-03 1.226882550144816175e+00 3.403777759619323884e-02
8.087576787435245274e-02 1.115559528202498152e+00 4.904258012477481776e-02
6.117625475684895092e-02 9.740611729769481641e-01 8.256326833592168846e-02
9.090405400622586507e-05 1.158474692318236077e+00 3.481693284139687761e-02
7.778844777914711850e-02 1.145876682536259850e+00 7.167581392608872448e-02
8.846205989897530653e-02 7.742865460364827257e-01 7.088272066493213341e-02
1.353858387206084007e-02 8.312688741660445579e-01 6.509142234973404328e-02
1.846931427631698375e-02 8.645720535993602907e-01 4.590142222537636763e-02
3.081455147033319852e-02 7.707035538318054435e-01 7.300086679150001590e-02
8.367433952811595410e-02 1.102790606435032350e+00 3.169263682434465129e-02
3.441697507663446509e-02 1.232281756948402807e+00 3.198527923085857372e-02
6.700370994801671531e-02 9.789024657079321567e-01 5.954572342560940368e-02
1.691354787009211741e-02 1.120949570075193691e+00 3.468247037163868507e-02
1.020800633370876065e-02 7.539572924144168908e-01 8.163852663856725755e-02
2.806674358738373704e-02 1.184752965878326902e+00 6.493206512784815976e-02
4.778532762263745792e-02 1.183352466831836924e+00 6.344390783881827256e-02
9.885095798909766807e-02 9.911778945362165194e-01 8.249455440695652175e-02
7.084208316198668809e-02 1.061446214093193285e+00 3.176849740744920603e-02
8.560844179704493739e-02 8.179017597116015059e-01 3.199691108360791514e-02
4.535257214011972210e-02 8.847617714821343071e-01 8.138245826628373591e-02
9.794847770516282304e-02 7.890574166728747674e-01 5.297462318265952486e-02
1.447105507318680040e-02 1.186035999084043668e+00 4.669608385372738674e-02
7.979113571096735358e-02 8.543897844838873601e-01 8.454691428437383083e-02
2.558269726835169650e-02 9.879146900486956984e-01 8.065764843769929193e-02
4.008738530522676369e-02 1.239600333076174454e+00 4.160151663606743988e-02
9.006831890358962811e-02 9.144036112402771366e-01 3.496083383441853792e-02
6.717612361675515120e-02 1.103275099266065817e+00 7.902300256037500525e-02
9.446452995260593011e-02 1.151971114933652673e+00 4.641537153939966770e-02
9.589957985421226905e-02 1.126291180269306080e+00 7.281508194885161211e-02
2.519090703642353976e-02 1.141973955442569855e+00 6.097082098280886403e-02
6.170089212251711475e-02 1.079568916742842388e+00 8.532648076508383972e-02
5.542830376117871549e-03 9.091551693373908227e-01 7.959544683774932849e-02
4.807566644518534299e-02 1.049054463039866825e+00 8.266640752476520082e-02
2.131129981014351360e-02 7.738403722226112613e-01 8.397896289435835548e-02
8.050665650216656810e-03 1.123362005275291953e+00 7.777659334074062125e-02
8.711080912124287423e-02 1.200054002227852523e+00 4.108190098191983469e-02
2.971899973486880064e-02 1.055169979058335539e+00 7.689075830668520850e-02
2.710599991321692437e-03 9.134654354951392552e-01 4.207205376087932991e-02
7.100147814322392559e-02 8.921831179367993858e-01 6.167803595431249619e-02
7.437001592230842173e-02 8.550718863874273712e-01 4.442351745116692591e-02
5.178491778773890858e-02 8.544229911200963423e-01 4.334925305286589647e-02
1.829629584933628594e-02 9.150725854379282431e-01 7.784873733390335060e-02
1.618311350054473657e-02 8.343607100098280327e-01 8.135568515856279881e-02
3.665209595046943492e-02 9.267819561892270963e-01 6.057373458440833830e-02
1.926285207170798375e-02 8.286411242512701225e-01 3.767401652403545159e-02
5.278905521564043746e-02 1.071080962570301498e+00 4.611123161913778523e-02
3.277367549538730274e-02 7.605048684782584889e-01 8.542958021241360556e-02
3.311866558228773738e-02 8.795690751703212351e-01 4.727338314914777961e-02
5.439314066827412308e-02 8.012220027659211485e-01 6.077818221770468765e-02
5.010675335515993312e-02 8.645918113556363416e-01 5.247683584685815944e-02
6.580191902478621513e-02 8.275295465589661559e-01 4.010059824936509226e-02
3.239562105538504322e-02 1.043642295072826132e+00 7.972915020967798194e-02
4.683988224161211855e-02 9.258323296853218087e-01 4.441965023583299699e-02
6.956304742955354836e-02 9.554757359992835930e-01 7.763905538583887322e-02
8.675174738673198382e-02 1.046968329896339256e+00 7.028203293615994940e-02
9.818116806532141416e-02 1.108116178645729200e+00 5.955391246537866667e-02
7.587630160913828858e-02 7.600845691194196840e-01 7.545647476816987054e-02
4.044955945127048924e-02 7.994273916469513130e-01 7.207998147901642505e-02
4.011558617175493835e-02 9.753650422462980529e-01 3.722587439884429694e-02
4.469727769636890058e-02 1.058126990056793337e+00 6.908314046710083145e-02
6.468431449274877898e-03 9.603905041515383711e-01 8.670116852776134364e-02
1.551131233335003440e-02 1.158680367534329125e+00 3.675839238305382561e-02
2.738840056933885755e-02 9.436255362927294943e-01 7.725309313724493254e-02
9.496352373082843357e-02 8.582003729388327784e-01 8.112784343827825206e-02
7.797326986292621442e-02 8.205936034247540700e-01 6.677255323603463466e-02
7.446518838119872696e-02 8.319472605021225320e-01 5.862705998625454551e-02
5.481431082162249724e-02 9.640454706870502655e-01 4.939850909001303886e-02
4.161613078075618311e-02 7.698839871612306318e-01 6.254470467903179565e-02
6.437151516562822362e-02 1.105367618984495870e+00 7.075125240649085545e-02
1.026494431040284733e-02 8.798371485110476620e-01 3.463797466229061317e-02
9.130673922086184058e-03 9.393953832927249836e-01 6.559428103335457338e-02
6.612959500364351539e-02 1.099263164711335117e+00 3.750923193860654370e-02
1.551473458364841657e-02 9.738290109785719961e-01 3.344974723759292640e-02
2.142845901311848586e-02 1.137963503590087466e+00 5.365617294802949022e-02
5.383208654781967278e-02 1.184882016143284922e+00 8.040183494342495463e-02
8.663490466702314374e-02 1.156254906909891522e+00 6.725625655233838374e-02
7.989759931834899964e-02 1.121196767135826944e+00 4.215151812955093835e-02
8.336166023273117176e-02 1.016600141639494748e+00 6.846086410231404240e-02
2.700665030862178795e-04 1.023249897871779668e+00 3.870178099426693080e-02
9.945559401457935988e-03 8.359928150234848809e-01 8.179989610342504325e-02
8.869107237592338544e-02 8.833322634892279979e-01 6.909408032997371718e-02
2.066378861861499841e-02 9.111511284383897458e-01 5.562477414029114164e-02
6.619378674078219005e-02 1.139482951640919728e+00 6.011464447871393835e-02
3.268548498860085472e-02 8.656754902676443431e-01 4.263054312387642986e-02
6.490788514904831386e-02 1.027008010791576220e+00 8.671839605536005302e-02
9.171702939192978576e-02 1.158379821251662722e+00 5.503848112334341902e-02
1.648368951036555119e-02 9.703653391657354188e-01 3.436486684584949547e-02
1.540158340953619309e-02 1.054720263993256912e+00 4.243264963032654380e-02
7.181664749126498437e-02 8.649496780169385612e-01 4.975664003525927248e-02
2.033223366125077800e-02 8.728086099762411010e-01 3.560215642419987947e-02
9.364127325622730036e-02 1.145650043306672750e+00 7.954017796112775041e-02
8.551568332120425275e-02 1.225295337655043504e+00 5.640085640571860376e-02
7.507228268180209108e-02 1.108111896517344430e+00 4.797432979639155992e-02
2.002221221990942157e-02 1.087249079053556278e+00 5.508757596116790889e-02
2.886218262249110739e-02 1.018302247749648171e+00 4.539543346613095914e-02
5.065164794333217035e-02 1.215646929577975488e+00 5.612470880468966444e-02
4.372809922582635705e-02 9.523730788533422142e-01 3.723455371087482091e-02
8.629914019173876016e-02 1.066454909987087918e+00 3.290420055012080458e-02
4.316711811478964045e-02 9.362388880213856623e-01 7.550422087178811081e-02
6.020536873939365263e-03 1.037930332128543132e+00 6.933531056469351139e-02
6.849041363882800437e-02 9.127670983908553470e-01 5.305985419021338328e-02
7.116602241899178116e-02 7.761580908963812142e-01 4.405818206360112566e-02
8.670454875494559843e-04 8.980083680523600620e-01 8.587963165162998402e-02
7.753273000042273932e-02 1.189240702203182121e+00 5.616965534695243095e-02
4.984008019069496170e-02 7.718530593162783449e-01 5.627070911640914136e-02
2.712532744332744189e-02 7.711888654433169954e-01 6.444873369784395734e-02
7.844404205777733008e-02 1.121241257099025113e+00 5.711310402334651704e-02
7.223719385177690411e-02 7.765588065677193619e-01 4.019130019654056085e-02
3.935108719682787332e-02 1.130815831503018565e+00 6.519786577245843817e-02
2.521569412693637491e-02 1.221693972579353638e+00 8.187005135849827198e-02
8.278850314423759349e-02 1.131173913534618380e+00 7.216568877297847850e-02
6.731457857830946967e-02 8.576993683668697743e-01 4.743102068080643635e-02
1.424805505460734895e-02 1.067531852815523763e+00 7.613968963024818348e-02
8.211461086364538198e-02 8.162370015750998187e-01 6.012441253536028596e-02
4.630785534389835617e-02 8.335679162212612514e-01 5.799518524610929732e-02
8.506023245234030361e-02 9.430747186421353234e-01 6.135532671323238457e-02
1.127473014935868184e-02 9.739771203302581837e-01 3.756768384747875833e-02
5.627650923969360064e-02 9.904146496377079778e-01 3.805074927234395471e-02
4.971637104314724498e-02 9.512192734076516665e-01 7.867717454830561175e-02
1.741036820832767701e-02 1.145636463302953878e+00 3.913564446170907096e-02
9.772110036224285201e-02 1.198655196930186406e+00 6.763489559193223977e-02
3.632110984296669370e-02 8.002951301687086794e-01 4.868745252523876826e-02
2.410136171224694368e-03 9.451374649180518395e-01 8.301116174581138485e-02
7.988874183016692054e-02 8.282548546491743657e-01 8.022955667590792039e-02
2.034822351284330116e-02 1.009820270852375135e+00 8.844296893536404691e-02
5.797960188590635389e-02 1.087662956634821931e+00 4.352961689907147713e-02
2.673022459182350374e-02 1.197218791302717911e+00 8.167211958933208449e-02
8.266656617774965909e-02 8.091241470431626004e-01 6.452270764629380873e-02
7.136416783693319554e-02 8.035624589220702330e-01 3.629200165116711063e-02
3.518989219528127071e-02 9.472249061569439910e-01 3.178846612792077253e-02
4.812635191452428046e-02 9.817217283255497140e-01 7.388855732043909941e-02
3.606563610846338919e-03 9.963017415100294816e-01 7.088465813427552442e-02
4.799288471181650806e-02 1.024832567839054187e+00 5.993481553195409428e-02
7.181138736104618336e-03 9.165709605986104291e-01 4.782792235466690883e-02
9.949342955651974130e-03 9.722779850354414943e-01 6.999094885585435688e-02
3.268487111939163969e-02 1.177917292041317232e+00 7.283189531878218881e-02
7.419316733951840381e-02 7.830149352550559438e-01 7.211198744501842728e-02
1.867495188072644530e-02 1.201665471889205028e+00 7.934287087147746942e-02
4.009934509230100863e-02 1.232538858117754099e+00 4.463602262637111906e-02
4.483772237280554684e-02 1.037801199991759793e+00 4.997495006997938749e-02
5.856986936924651888e-02 1.193064629037053903e+00 3.274271926213585815e-02
2.228384344869830530e-02 1.199321991433798251e+00 6.967507291160141003e-02
4.711211718163282880e-02 1.168247045158553821e+00 4.163846242462923564e-02
5.628108185356450049e-02 1.248814610591352681e+00 6.589644445574145692e-02
4.933446926312717862e-02 1.083960953452485665e+00 7.292057750719903308e-02
4.761174062708015825e-02 1.000225133053683546e+00 6.546918533928444695e-02
5.919126445344646825e-02 1.149091220942257241e+00 3.226043139307673002e-02
9.226426090664874291e-02 8.397192615319094555e-01 6.998647552851350317e-02
2.184850687593697938e-02 1.234544766332861698e+00 8.653334306931147191e-02
1.911208797501791345e-02 9.373625117312895938e-01 3.165181564400541825e-02
8.038380770282556320e-02 1.143596461294941413e+00 5.247344357326053088e-02
1.653966901327805911e-02 9.193440316317742500e-01 3.420777605938304933e-02
6.141073498663676689e-02 8.487547602399883040e-01 5.557181077253330048e-02
5.002820390792542260e-03 1.000130222867345431e+00 6.319269599644887492e-02
4.034123887126960656e-02 8.462923042048826616e-01 7.154562155328705875e-02
4.615289288202768792e-02 9.836896603193567845e-01 7.953737887084234848e-02
5.184630001505306091e-02 7.532000487295746893e-01 6.085673123925762484e-02
1.456305048168731603e-02 9.432746839862393706e-01 6.625538758359589275e-02
1.655301590371108938e-02 1.113207442166412209e+00 8.887856917766170928e-02
9.852774923395539453e-02 1.088370476148478483e+00 5.557172032234260900e-02
9.264976746112429939e-02 1.178476439341826998e+00 8.805841750928991574e-02
1.206328346839193738e-02 1.029563480372801099e+00 7.309505724324320830e-02
2.281683016966467095e-02 1.124008211529399892e+00 6.426577922943697840e-02
6.430108958706066968e-02 1.084380616662607988e+00 6.855961189133748246e-02
3.299773586548300497e-02 8.920210548604203815e-01 8.561293151859883377e-02
9.256209321407073143e-02 9.827208803112732483e-01 6.414612921978722626e-02
2.931225826829940428e-03 9.908673546752226891e-01 7.975601610881184744e-02
8.650685049940785853e-03 9.112896122497711193e-01 3.168007948265676860e-02
2.885630123580360668e-02 1.219356674542877439e+00 7.736719341342099265e-02
2.329515549175364963e-02 1.147204634180627014e+00 3.460821274236467598e-02
4.075531773752558151e-02 1.001342113331808559e+00 8.291730356977544680e-02
4.756828041142520391e-02 1.044561645088945667e+00 3.742939981316457942e-02
7.056492360466933011e-02 9.810282924385160808e-01 3.296307280195141798e-02
1.885792890157544921e-02 1.137367806876723897e+00 4.703273908926756952e-02
1.556050276118016440e-02 1.232463128648597639e+00 8.478828214490451154e-02
1.111883049733702888e-02 9.054855139380653117e-01 6.910853452540434427e-02
6.347920896040692984e-02 9.381201587072235393e-01 7.830319593480630780e-02
5.350097500640138559e-02 7.910836941284569157e-01 6.208943570804027756e-02
2.123131749701721166e-02 1.012254547209834765e+00 6.852122514249482654e-02
2.365761166951460201e-02 1.127947240463320622e+00 6.613455785762295536e-02
9.056291757535646358e-02 1.003581992422243996e+00 7.758255850621298411e-02
4.509840906964243668e-02 1.161935999132288844e+00 3.225798823105487101e-02
4.954310002269243784e-03 1.196415932130413307e+00 7.792944171562489475e-02
5.481093102040299203e-03 8.398836891209500166e-01 8.800938464763705116e-02
8.765549277354445223e-02 1.096946686105217283e+00 7.352369740747316529e-02
9.248718219961672704e-02 1.125845665580882393e+00 3.312538133747615354e-02
4.416007824145823379e-02 1.165221219844898348e+00 3.308838759639340377e-02
2.210132228120421927e-02 1.242181976361618423e+00 4.251960469188745956e-02
9.146720704907142230e-02 9.937912452540031971e-01 5.676674124612877265e-02
5.650784565084613492e-02 7.508187133489848675e-01 6.933085745415257239e-02
1.365093520926932008e-02 7.779107947869909889e-01 4.255557425961014467e-02
2.722968249386635564e-03 1.072386420140320595e+00 8.976852773642800265e-02
9.075478241124990131e-02 9.195369278489048392e-01 8.634567016696927111e-02
1.777964904994897705e-02 1.085139322953739605e+00 8.704936516227854137e-02
6.889605149456251576e-02 7.711043848880712037e-01 5.772726578612669135e-02
4.627544145355856620e-02 9.578177468343240797e-01 5.953988836275726088e-02
3.425742148577413243e-02 7.615323055537828179e-01 3.243714641674802501e-02
4.799039893575546278e-02 1.125181881632375314e+00 4.212361380064680305e-02
2.082742799276984455e-02 9.969537897201801169e-01 4.239987794796248183e-02
2.548131831977137537e-02 8.021110793379357951e-01 7.484725496232172426e-02
1.987892790412226773e-02 1.028781508180569570e+00 5.330736718787180972e-02
9.212339566784097378e-02 9.609047306068760896e-01 4.973437373448524879e-02
9.489856737063523395e-02 1.012766380209394468e+00 8.577891046768781891e-02
5.641162182798772906e-02 9.575639798651005563e-01 5.660728220570143687e-02
2.739060995704029056e-02 9.180263776265054076e-01 3.772982744519312592e-02
9.170940213585020151e-02 1.056403062929591741e+00 8.808630000346942546e-02
4.283966559815240160e-02 1.151930021186777342e+00 5.190089438113990039e-02
2.937268754522334366e-02 8.303000197861223342e-01 3.218987785751531439e-02
9.795820018521456118e-02 7.559645987349501439e-01 3.560218560663934440e-02
9.703025951994570519e-02 1.063481088050959755e+00 4.317349948265083309e-02
8.512079414081104300e-02 9.686526173863618805e-01 4.898749268591130746e-02
8.946619397066039869e-02 9.814236837774303890e-01 7.191419638002111148e-02
3.364264065217771604e-02 9.370822323224772266e-01 8.097623628368230686e-02
3.021326981301467735e-02 9.568336975962044022e-01 6.453922911879686475e-02
4.733488979747094150e-02 7.792622857428621597e-01 4.540794511897980335e-02
8.981307764097211377e-02 1.187102387416060667e+00 4.139284515166120892e-02
3.636942861872619059e-03 1.089436696482518618e+00 7.867580799733797647e-02
8.759033363205953604e-02 1.065828217289630286e+00 7.678868713530037637e-02
2.282712474031526467e-02 1.057046722778301362e+00 3.599611252848548132e-02
7.439207656173130179e-02 9.906171289100711430e-01 5.010040828239382960e-02
7.822337645830274022e-02 1.081730137926161017e+00 8.718617138002590639e-02
6.616710385054590249e-03 8.394411111155102301e-01 6.360093753509239722e-02
4.668081738018044213e-02 1.025893129844510199e+00 3.592490070187191048e-02
3.295555080333648773e-02 1.163627627909024520e+00 4.630445409670893436e-02
8.549943046771991961e-02 9.597767273013804168e-01 8.715152101316243904e-02
6.778179003934603486e-02 1.056841919517629735e+00 3.600854409695428138e-02
5.114211563474459210e-02 8.646010129676338085e-01 7.052064909183203278e-02
1.178515986234045243e-02 1.011388683143675360e+00 7.104634090830815041e-02
8.056147688104359217e-02 8.057116981773650988e-01 5.865052926877598050e-02
1.544926558728301758e-03 8.279215773977401938e-01 4.824136249726185266e-02
3.115808192301147347e-02 1.248061094779619129e+00 3.047215437937150773e-02
1.409587515774710781e-02 1.123164643844171806e+00 7.929027312952369178e-02
3.643076174797743594e-02 9.479129850606902163e-01 3.199977572042621982e-02
6.870726016570999350e-02 1.181813788436039347e+00 7.922001423296801126e-02
9.354986539973943194e-03 8.033857460418420970e-01 3.880403629872337945e-02
5.406741049879856820e-03 9.232887674458951643e-01 4.440398028063774483e-02
7.127395837430408609e-02 8.213649951086674506e-01 7.796735740187472896e-02
5.451140003154909819e-02 1.024260282876009009e+00 7.918765163136280705e-02
2.668907288012761780e-02 8.513213731282578411e-01 6.770017364624854317e-02
8.325144285082554385e-03 9.717431940243356214e-01 7.747718580094839491e-02
5.462416659857253359e-02 1.195358636839550348e+00 4.107961474435613269e-02
9.616314227136969761e-02 8.719606126930548040e-01 6.602063496937703169e-02
8.244830547016665512e-02 1.174071648450616179e+00 6.879803592417088609e-02
2.279551950087028989e-02 1.199948745045547716e+00 3.381351691505293799e-02
3.185798291125394033e-02 1.184213833611533984e+00 8.440750554776291215e-02
7.859504250696350280e-02 1.197248146586044504e+00 3.430483072523812793e-02
3.228697531142564470e-02 1.198562262823579694e+00 4.571007314028353169e-02
8.370269635519624052e-02 9.022215205317641873e-01 8.379437322070898420e-02
3.308317945350922051e-02 9.719244758130776152e-01 8.168261692877298863e-02
4.825725926810752603e-02 1.079374689320305780e+00 5.563119945507658676e-02
4.351997705454049847e-02 1.028373233141280041e+00 4.892792599630994832e-02
5.044046244013747349e-02 1.148720107583029559e+00 4.394878053142062951e-02
1.727660512614539318e-02 8.062158313251643893e-01 3.152864443572137021e-02
8.560707675279236040e-02 1.048460903132310440e+00 8.834120239726890589e-02
4.005032693358558105e-02 8.530607926187365742e-01 8.748401310729080060e-02
1.881029100258524434e-02 1.010439617530889400e+00 8.939786803196900222e-02
7.001198737499930713e-02 1.197495814972989070e+00 7.767238118458447138e-02
3.683550003206699508e-02 1.173837709047679034e+00 5.838771044144461936e-02
4.363730972551788101e-02 1.116327784596158113e+00 7.909730085454680371e-02
6.508261440204950177e-02 7.684694603344370822e-01 8.711889101267980551e-02
2.652322600569703703e-03 8.291194254199929503e-01 4.060217534683500246e-02
1.177546978120434795e-02 8.115183606362224022e-01 8.690705821934405217e-02
5.702800963853782434e-02 1.086891231966282678e+00 7.924571308560204863e-02
3.249922698357890494e-02 9.624166101013728047e-01 4.519320018194591254e-02
8.932096899175345772e-02 1.020329742529757500e+00 7.409404768414780407e-02
6.286363911419878825e-02 8.774057676478623780e-01 5.858127158503698140e-02
8.176150114769320520e-02 1.088497454460721769e+00 3.176734127153952453e-02
2.288254875982037584e-02 1.233689675314933787e+00 6.263129068268787070e-02
4.412324169346951847e-02 1.180540373909125362e+00 6.280714071090692796e-02
2.055956267876717439e-02 8.774929518517728955e-01 4.158814012527471682e-02
7.406457392099913273e-02 1.217281553035801656e+00 5.492250156446169818e-02
1.795089191885671648e-02 1.089847945159345244e+00 4.533760194906644864e-02
1.567559292298669610e-02 1.031018428322954428e+00 8.092529177378425531e-02
1.489390740564320442e-02 1.241149939669247360e+00 6.606931930946424725e-02
8.466886005873498766e-02 1.157257620554510646e+00 7.034087983176336156e-02
9.248961969125026050e-02 8.019145890681955713e-01 3.574306351230049916e-02
8.096282008982713663e-02 8.057962488980706661e-01 6.998378746141127593e-02
1.025373568551542908e-02 7.934138248020861095e-01 8.425009484325168829e-02
5.911602959224639131e-02 1.030434801852760263e+00 8.526606922741576666e-02
6.919300260699332017e-02 1.038780605928031786e+00 3.578732419193760006e-02
3.342435635270022548e-02 1.005811106226267571e+00 8.772257265954970518e-02
3.381917916262128232e-02 1.182549219848817224e+00 8.840274604678263759e-02
1.572615071378487273e-02 9.417446944216874005e-01 6.623460275862663726e-02
3.756022524935784257e-02 7.630062534356880644e-01 5.593317518088290752e-02
9.466366961492087007e-02 1.023201485440593750e+00 5.418490744111856272e-02
9.896606705951037364e-02 1.202777050149016480e+00 6.142130309927686105e-02
1.954602935533441763e-02 1.131311350969484764e+00 6.846714124512147392e-02
3.374885898316513227e-02 9.243459659323203237e-01 7.508563166705561898e-02
9.136167591869347182e-02 9.391828567117792570e-01 7.179676825507520788e-02
4.077203301671002145e-02 8.579608256174000580e-01 3.108628341442202375e-02
9.945534614944549767e-02 1.047446803254051817e+00 6.670308620964945923e-02
2.342446120713346375e-02 1.236507794596509946e+00 4.676658744409246254e-02
9.441456677743913228e-02 1.232971353713273155e+00 6.656024773040593312e-02
7.557325313819558688e-02 9.541811849979807691e-01 7.094986285669449555e-02
4.235134631371112457e-02 9.958050375773146445e-01 4.517495861621290826e-02
9.734813410437399839e-02 9.718492302798963367e-01 7.693046203682871176e-02
5.568236495137529607e-02 1.243699261093193842e+00 5.648707302728698393e-02
7.579179415616896232e-02 7.802643286864097139e-01 4.365835083395801230e-02
8.328580720039843732e-02 1.015939262315345815e+00 8.000372522667571762e-02
8.363591645147673559e-02 7.797812975947979730e-01 6.630490720083016820e-02
3.675696973883510466e-02 1.060139554995934930e+00 4.937757741324416694e-02
2.010594907717601354e-02 8.789458761297673783e-01 4.460643610268815590e-02
1.085321540457814121e-02 8.374615988828135738e-01 3.263840381739593899e-02
5.404644272323484711e-02 9.874570868579986005e-01 4.483755102889513955e-02
4.684623698531925617e-02 8.193536043758444798e-01 7.926850049195231784e-02
6.863817239637817758e-03 1.194208780060541431e+00 4.975045222258048933e-02
3.172422079732203914e-02 8.971578214726927403e-01 3.160464269639419455e-02
4.703354049631230244e-02 1.045409240203181156e+00 6.579446549462532323e-02
3.176698797190606605e-02 9.015838155137038123e-01 7.853780996727849351e-02
1.910419862378533173e-02 1.118464649602890049e+00 8.176814047341425529e-02
1.204531137936609708e-02 1.163119738775327150e+00 8.076335674805952547e-02
1.526719717378737656e-02 8.438986031352182504e-01 6.771080617021622838e-02
4.931600599495349763e-02 1.030670851821251510e+00 6.592413385545017879e-02
6.561139244596782272e-02 8.618384014285536132e-01 8.544004934460575074e-02
7.295241951167583117e-02 1.061171218504346925e+00 8.830561442284921847e-02
3.366403669631691520e-02 9.548523344546975267e-01 6.936303121367703994e-02
5.462886502965779573e-02 8.648125520221403573e-01 6.820815934452745255e-02
3.227347091145348068e-02 1.011572765622386516e+00 3.950472880589892682e-02
2.435206616832807924e-02 1.234255473778369527e+00 7.778363856462497394e-02
5.107441620514963088e-02 1.108675453553327861e+00 5.897646622845437170e-02
9.407561530837280084e-02 9.452693634466402539e-01 6.637586496799237346e-02
8.030787755760755708e-02 9.551180728838604139e-01 6.503872400237881157e-02
7.601452981741757542e-02 1.192317725720942523e+00 3.274162861351588572e-02
6.039642369039735503e-02 9.913477082089950931e-01 7.602159684957869590e-02
7.443198129590811174e-02 8.454735444325292004e-01 4.389219430987769538e-02
5.950616911815807125e-02 8.640473520258582507e-01 8.033956594892203984e-02
4.381226127814411703e-02 8.855026619062408288e-01 3.186724440180493251e-02
3.501596273587407465e-02 1.221292538086978130e+00 4.911973759048737787e-02
2.803422460818850992e-02 9.920423334345006561e-01 4.070115164562947141e-02
6.977655729134814300e-03 7.781485280149830208e-01 5.469274410119369378e-02
9.312150972228672163e-02 1.226928910024549957e+00 8.370214337297748886e-02
8.903313711460063284e-02 1.060894133196340627e+00 3.666929225321828578e-02
5.470987769748963947e-02 8.565508043826598472e-01 4.587746393545365231e-02
9.252677778087049776e-02 1.127578602559927701e+00 5.740018979549352252e-02
8.012937204544989811e-03 9.156979067982191633e-01 6.997379509278212062e-02
3.568250831925438155e-02 1.184658740855248693e+00 8.776115951312922492e-02
8.599260964410206098e-02 1.006880833759802529e+00 8.407935812690732480e-02
1.191432904771840690e-02 8.531462764471127169e-01 4.390459072102373406e-02
2.082704719518947700e-02 1.015235761610871812e+00 6.988718984205635754e-02
8.494399171061686737e-02 1.182995294692710697e+00 7.627513438611663310e-02
9.636999778830207530e-02 9.121336736871749062e-01 4.987645359654938743e-02
2.277670179276490917e-02 1.080463494023677473e+00 4.898534611009427997e-02
2.918874830661496653e-02 8.689787108316275877e-01 3.150722876961010999e-02
8.986015384289613994e-02 1.063655737607271057e+00 8.515148385770694717e-02
9.540451796590200539e-02 1.127672493385333041e+00 6.613167558953075842e-02
1.531132164917814453e-02 8.086050177814909645e-01 3.782062968474586562e-02
2.562504305966339935e-02 1.190329933752183322e+00 5.440673553658503109e-02
1.086318788645542627e-02 1.198935407990686208e+00 4.788479919400053658e-02
5.969997695191686660e-02 1.163460496783916387e+00 7.123173337267668659e-02
6.837903745803955435e-02 9.065157870729645406e-01 8.545291797397815137e-02
1.514465120453898500e-02 8.909020136327245876e-01 8.186323228610140057e-02
4.259710001612746627e-02 9.726366435839354230e-01 7.995977343642984847e-02
4.609925216042330687e-03 8.120632071519318096e-01 4.630647562229238401e-02
2.271612690478250207e-03 1.091412941785423474e+00 7.888340700949117434e-02
6.364370665949141415e-02 1.109355612622109355e+00 7.575862100025393397e-02
4.717036603837231057e-03 9.777487906169364251e-01 5.849237758107950907e-02
7.711861927841590081e-02 1.162350890999462649e+00 6.694155709537211174e-02
9.507292152627114246e-02 1.153126055276342710e+00 3.177910138132036127e-02
4.726114787418851659e-02 1.074270081207897132e+00 4.843757095520902917e-02
1.854178059621869323e-02 9.890699628978912861e-01 8.383483963798166183e-02
4.664923867194730595e-02 1.112513979757264959e+00 5.228758424154218015e-02
3.906023740460191906e-02 8.476453052789965081e-01 6.958200610026923916e-02
7.329095787696880693e-02 1.016366984191987566e+00 4.851776465713478897e-02
5.555602817167840102e-02 8.275375163261688982e-01 4.677709161340504879e-02
7.104499957310841940e-03 1.158400325947545273e+00 4.334799547293606559e-02
7.853010255043890719e-02 8.874963756833758044e-01 6.043076367604523907e-02
4.867185310495685674e-02 7.550198392285500937e-01 8.171289866422429271e-02
1.203052826980584994e-02 9.355699850059189249e-01 3.977584962313798767e-02
7.774887880699772602e-02 1.087509871860492527e+00 7.583704794867636434e-02
2.128302036364784766e-03 1.227760270025190392e+00 3.266460916104923368e-02
4.156033000593528648e-03 1.209245396142693441e+00 6.001978469493845364e-02
3.510286021234360065e-02 8.514992096328686255e-01 4.013926292158341569e-02
4.394097187320421954e-02 1.241995471744670398e+00 5.049441297304730486e-02
5.261978709944972743e-02 7.609453564543160464e-01 3.593181265780518580e-02
4.187810972439586638e-02 1.143818680303874791e+00 4.145219200932229175e-02
2.273332437959495536e-02 1.140065785912370622e+00 3.484050653207146353e-02
9.226338498784987519e-02 9.152967333550275919e-01 8.303552502355557308e-02
9.426235262125030878e-02 8.152568122482387603e-01 4.696048567455381184e-02
5.621190477763992471e-02 8.586577614743623466e-01 7.330740530444981862e-02
7.201675690384917727e-02 9.177015502553697024e-01 6.566834763391041219e-02
3.812082031793451176e-02 1.179519796855830416e+00 4.884222475652635898e-02
5.314623233403724389e-03 8.620460555435317529e-01 7.490411916227267264e-02
6.922702954240909923e-02 8.046335722815611824e-01 4.078359979105533606e-02
8.826907013793321155e-02 8.953674309344629156e-01 3.410375483870682622e-02
4.303800178241798391e-02 1.071794721264909711e+00 3.286459381406894864e-02
7.417606108422872269e-02 8.454090647035823469e-01 4.351555981866733064e-02
3.486115965017691498e-02 1.247882912890563745e+00 8.922859368297901550e-02
2.758705832202962283e-02 1.162473269236311335e+00 7.523055182297407051e-02
9.241462993175190987e-02 1.220102744303178000e+00 3.392718800550394154e-02
4.873188654830984401e-02 8.446406892669708899e-01 3.066358298785161474e-02
2.270935987705145070e-02 9.798852860266473730e-01 7.373562840192490753e-02
2.284162513520586815e-02 9.465802438144420572e-01 7.616383982666416474e-02
5.216389410847550867e-02 1.048175435298233982e+00 5.976098344538059715e-02
8.351431186449223554e-02 8.900438035057796071e-01 8.726832881665767816e-02
5.813335226244019383e-03 7.507085553735125538e-01 4.287973525876991043e-02
3.013684705189672089e-02 1.102384960540135683e+00 3.647183081769737184e-02
3.823473794843327417e-02 9.299627495473548056e-01 3.926792323316169453e-02
4.146252207389081179e-02 8.227955747591306768e-01 3.481258058701197644e-02
2.207313087247936290e-02 1.146981731067348687e+00 4.721710233325537853e-02
6.119689880683204519e-02 1.240713625056495628e+00 7.295054501590160501e-02
3.965798937074545283e-02 7.532706272745588461e-01 4.063985889413711944e-02
3.272228551013753317e-02 1.235154555521650988e+00 4.941030662972314275e-02
3.281381693420108020e-02 1.230272961241652530e+00 8.294811212298941472e-02
