3.999999999999999389e-02
4.008004002000999794e-02
4.016008004002000198e-02
4.024012006003000602e-02
4.032016008004001700e-02
4.040020010005002105e-02
4.048024012006002509e-02
4.056028014007002913e-02
4.064032016008003317e-02
4.072036018009003722e-02
4.080040020010004126e-02
4.088044022011005224e-02
4.096048024012005628e-02
4.104052026013006033e-02
4.112056028014006437e-02
4.120060030015006841e-02
4.128064032016007245e-02
4.136068034017007650e-02
4.144072036018008748e-02
4.152076038019009152e-02
4.160080040020009556e-02
4.168084042021009961e-02
4.176088044022010365e-02
4.184092046023010769e-02
4.192096048024011173e-02
4.200100050025011578e-02
4.208104052026012676e-02
4.216108054027013080e-02
4.224112056028013484e-02
4.232116058029013889e-02
4.240120060030014293e-02
4.248124062031014697e-02
4.256128064032015101e-02
4.264132066033016200e-02
4.272136068034016604e-02
4.280140070035017008e-02
4.288144072036017412e-02
4.296148074037017817e-02
4.304152076038018221e-02
4.312156078039018625e-02
4.320160080040019723e-02
4.328164082041020128e-02
4.336168084042020532e-02
4.344172086043020936e-02
4.352176088044021340e-02
4.360180090045021745e-02
4.368184092046022149e-02
4.376188094047023247e-02
4.384192096048023651e-02
4.392196098049024056e-02
4.400200100050024460e-02
4.408204102051024864e-02
4.416208104052025268e-02
4.424212106053025673e-02
4.432216108054026771e-02
4.440220110055027175e-02
4.448224112056027579e-02
4.456228114057027984e-02
4.464232116058028388e-02
4.472236118059028792e-02
4.480240120060029196e-02
4.488244122061030295e-02
4.496248124062030699e-02
4.504252126063031103e-02
4.512256128064031507e-02
4.520260130065031912e-02
4.528264132066032316e-02
4.536268134067032720e-02
4.544272136068033818e-02
4.552276138069034223e-02
4.560280140070034627e-02
4.568284142071035031e-02
4.576288144072035435e-02
4.584292146073035840e-02
4.592296148074036244e-02
4.600300150075037342e-02
4.608304152076037746e-02
4.616308154077038151e-02
4.624312156078038555e-02
4.632316158079038959e-02
4.640320160080039363e-02
4.648324162081039768e-02
4.656328164082040866e-02
4.664332166083041270e-02
4.672336168084041674e-02
4.680340170085042079e-02
4.688344172086042483e-02
4.696348174087042887e-02
4.704352176088043291e-02
4.712356178089044390e-02
4.720360180090044794e-02
4.728364182091045198e-02
4.736368184092045602e-02
4.744372186093046007e-02
4.752376188094046411e-02
4.760380190095046815e-02
4.768384192096047913e-02
4.776388194097048318e-02
4.784392196098048722e-02
4.792396198099049126e-02
4.800400200100049530e-02
4.808404202101049935e-02
4.816408204102050339e-02
4.824412206103051437e-02
4.832416208104051147e-02
4.840420210105052246e-02
4.848424212106052650e-02
4.856428214107053054e-02
4.864432216108053458e-02
4.872436218109053863e-02
4.880440220110054961e-02
4.888444222111054671e-02
4.896448224112055769e-02
4.904452226113056174e-02
4.912456228114056578e-02
4.920460230115056982e-02
4.928464232116057386e-02
4.936468234117058485e-02
4.944472236118058195e-02
4.952476238119059293e-02
4.960480240120059697e-02
4.968484242121060102e-02
4.976488244122060506e-02
4.984492246123060910e-02
4.992496248124062008e-02
5.000500250125061719e-02
5.008504252126062817e-02
5.016508254127063221e-02
5.024512256128063625e-02
5.032516258129064030e-02
5.040520260130064434e-02
5.048524262131065532e-02
5.056528264132065242e-02
5.064532266133066341e-02
5.072536268134066745e-02
5.080540270135067149e-02
5.088544272136067553e-02
5.096548274137067958e-02
5.104552276138069056e-02
5.112556278139068766e-02
5.120560280140069864e-02
5.128564282141070269e-02
5.136568284142070673e-02
5.144572286143071077e-02
5.152576288144071481e-02
5.160580290145072579e-02
5.168584292146072290e-02
5.176588294147073388e-02
5.184592296148073792e-02
5.192596298149074197e-02
5.200600300150074601e-02
5.208604302151075005e-02
5.216608304152076103e-02
5.224612306153075814e-02
5.232616308154076912e-02
5.240620310155077316e-02
5.248624312156077720e-02
5.256628314157078125e-02
5.264632316158078529e-02
5.272636318159078933e-02
5.280640320160079337e-02
5.288644322161080435e-02
5.296648324162080840e-02
5.304652326163081244e-02
5.312656328164081648e-02
5.320660330165082053e-02
5.328664332166082457e-02
5.336668334167082861e-02
5.344672336168083959e-02
5.352676338169084364e-02
5.360680340170084768e-02
5.368684342171085172e-02
5.376688344172085576e-02
5.384692346173085981e-02
5.392696348174086385e-02
5.400700350175087483e-02
5.408704352176087887e-02
5.416708354177088292e-02
5.424712356178088696e-02
5.432716358179089100e-02
5.440720360180089504e-02
5.448724362181089909e-02
5.456728364182091007e-02
5.464732366183091411e-02
5.472736368184091815e-02
5.480740370185092220e-02
5.488744372186092624e-02
5.496748374187093028e-02
5.504752376188093432e-02
5.512756378189094530e-02
5.520760380190094935e-02
5.528764382191095339e-02
5.536768384192095743e-02
5.544772386193096148e-02
5.552776388194096552e-02
5.560780390195096956e-02
5.568784392196098054e-02
5.576788394197097765e-02
5.584792396198098863e-02
5.592796398199099267e-02
5.600800400200099671e-02
5.608804402201100769e-02
5.616808404202100480e-02
5.624812406203101578e-02
5.632816408204101288e-02
5.640820410205102386e-02
5.648824412206102791e-02
5.656828414207103195e-02
5.664832416208103599e-02
5.672836418209104004e-02
5.680840420210105102e-02
5.688844422211104812e-02
5.696848424212105910e-02
5.704852426213106315e-02
5.712856428214106719e-02
5.720860430215107123e-02
5.728864432216107527e-02
5.736868434217108625e-02
5.744872436218108336e-02
5.752876438219109434e-02
5.760880440220109838e-02
5.768884442221110243e-02
5.776888444222110647e-02
5.784892446223111051e-02
5.792896448224112149e-02
5.800900450225111860e-02
5.808904452226112958e-02
5.816908454227113362e-02
5.824912456228113766e-02
5.832916458229114171e-02
5.840920460230114575e-02
5.848924462231115673e-02
5.856928464232115383e-02
5.864932466233116481e-02
5.872936468234116886e-02
5.880940470235117290e-02
5.888944472236117694e-02
5.896948474237118099e-02
5.904952476238119197e-02
5.912956478239118907e-02
5.920960480240120005e-02
5.928964482241120409e-02
5.936968484242120814e-02
5.944972486243121218e-02
5.952976488244121622e-02
5.960980490245122720e-02
5.968984492246122431e-02
5.976988494247123529e-02
5.984992496248123933e-02
5.992996498249124337e-02
6.001000500250124742e-02
6.009004502251125146e-02
6.017008504252126244e-02
6.025012506253125955e-02
6.033016508254127053e-02
6.041020510255127457e-02
6.049024512256127861e-02
6.057028514257128265e-02
6.065032516258128670e-02
6.073036518259129768e-02
6.081040520260129478e-02
6.089044522261130576e-02
6.097048524262130981e-02
6.105052526263131385e-02
6.113056528264131789e-02
6.121060530265132194e-02
6.129064532266133292e-02
6.137068534267133002e-02
6.145072536268134100e-02
6.153076538269134504e-02
6.161080540270134909e-02
6.169084542271135313e-02
6.177088544272135717e-02
6.185092546273136815e-02
6.193096548274136526e-02
6.201100550275137624e-02
6.209104552276138028e-02
6.217108554277138432e-02
6.225112556278138837e-02
6.233116558279139241e-02
6.241120560280140339e-02
6.249124562281140050e-02
6.257128564282141148e-02
6.265132566283140858e-02
6.273136568284141956e-02
6.281140570285143054e-02
6.289144572286142765e-02
6.297148574287143863e-02
6.305152576288143573e-02
6.313156578289144671e-02
6.321160580290144382e-02
6.329164582291145480e-02
6.337168584292146578e-02
6.345172586293146288e-02
6.353176588294147387e-02
6.361180590295147097e-02
6.369184592296148195e-02
6.377188594297147906e-02
6.385192596298149004e-02
6.393196598299150102e-02
6.401200600300149812e-02
6.409204602301150910e-02
6.417208604302150621e-02
6.425212606303151719e-02
6.433216608304151429e-02
6.441220610305152527e-02
6.449224612306153626e-02
6.457228614307153336e-02
6.465232616308154434e-02
6.473236618309154145e-02
6.481240620310155243e-02
6.489244622311154953e-02
6.497248624312156051e-02
6.505252626313157149e-02
6.513256628314156860e-02
6.521260630315157958e-02
6.529264632316157668e-02
6.537268634317158766e-02
6.545272636318158477e-02
6.553276638319159575e-02
6.561280640320160673e-02
6.569284642321160383e-02
6.577288644322161482e-02
6.585292646323161192e-02
6.593296648324162290e-02
6.601300650325162001e-02
6.609304652326163099e-02
6.617308654327164197e-02
6.625312656328163907e-02
6.633316658329165005e-02
6.641320660330164716e-02
6.649324662331165814e-02
6.657328664332165524e-02
6.665332666333166622e-02
6.673336668334167721e-02
6.681340670335167431e-02
6.689344672336167141e-02
6.697348674337168239e-02
6.705352676338169338e-02
6.713356678339169048e-02
6.721360680340170146e-02
6.729364682341171244e-02
6.737368684342170955e-02
6.745372686343170665e-02
6.753376688344171763e-02
6.761380690345172861e-02
6.769384692346172572e-02
6.777388694347173670e-02
6.785392696348174768e-02
6.793396698349174478e-02
6.801400700350174189e-02
6.809404702351175287e-02
6.817408704352176385e-02
6.825412706353176095e-02
6.833416708354177194e-02
6.841420710355178292e-02
6.849424712356178002e-02
6.857428714357177713e-02
6.865432716358178811e-02
6.873436718359179909e-02
6.881440720360179619e-02
6.889444722361180717e-02
6.897448724362181816e-02
6.905452726363181526e-02
6.913456728364181236e-02
6.921460730365182334e-02
6.929464732366183433e-02
6.937468734367183143e-02
6.945472736368184241e-02
6.953476738369185339e-02
6.961480740370185050e-02
6.969484742371184760e-02
6.977488744372185858e-02
6.985492746373186956e-02
6.993496748374186667e-02
7.001500750375187765e-02
7.009504752376188863e-02
7.017508754377188573e-02
7.025512756378188284e-02
7.033516758379189382e-02
7.041520760380190480e-02
7.049524762381190190e-02
7.057528764382191289e-02
7.065532766383192387e-02
7.073536768384192097e-02
7.081540770385191808e-02
7.089544772386192906e-02
7.097548774387194004e-02
7.105552776388193714e-02
7.113556778389194812e-02
7.121560780390195911e-02
7.129564782391195621e-02
7.137568784392195331e-02
7.145572786393196429e-02
7.153576788394197528e-02
7.161580790395197238e-02
7.169584792396198336e-02
7.177588794397199434e-02
7.185592796398199145e-02
7.193596798399198855e-02
7.201600800400199953e-02
7.209604802401201051e-02
7.217608804402200762e-02
7.225612806403201860e-02
7.233616808404202958e-02
7.241620810405202668e-02
7.249624812406202379e-02
7.257628814407203477e-02
7.265632816408204575e-02
7.273636818409204285e-02
7.281640820410205384e-02
7.289644822411206482e-02
7.297648824412206192e-02
7.305652826413205903e-02
7.313656828414207001e-02
7.321660830415208099e-02
7.329664832416207809e-02
7.337668834417208907e-02
7.345672836418210006e-02
7.353676838419209716e-02
7.361680840420209426e-02
7.369684842421210524e-02
7.377688844422211623e-02
7.385692846423211333e-02
7.393696848424212431e-02
7.401700850425213529e-02
7.409704852426213240e-02
7.417708854427212950e-02
7.425712856428214048e-02
7.433716858429215146e-02
7.441720860430214857e-02
7.449724862431215955e-02
7.457728864432217053e-02
7.465732866433216763e-02
7.473736868434216474e-02
7.481740870435217572e-02
7.489744872436218670e-02
7.497748874437218380e-02
7.505752876438219479e-02
7.513756878439220577e-02
7.521760880440220287e-02
7.529764882441219997e-02
7.537768884442221096e-02
7.545772886443222194e-02
7.553776888444221904e-02
7.561780890445223002e-02
7.569784892446224100e-02
7.577788894447223811e-02
7.585792896448223521e-02
7.593796898449224619e-02
7.601800900450225718e-02
7.609804902451225428e-02
7.617808904452226526e-02
7.625812906453227624e-02
7.633816908454227335e-02
7.641820910455227045e-02
7.649824912456228143e-02
7.657828914457229241e-02
7.665832916458228952e-02
7.673836918459230050e-02
7.681840920460231148e-02
7.689844922461230858e-02
7.697848924462230569e-02
7.705852926463231667e-02
7.713856928464232765e-02
7.721860930465232475e-02
7.729864932466233574e-02
7.737868934467234672e-02
7.745872936468234382e-02
7.753876938469234092e-02
7.761880940470235191e-02
7.769884942471236289e-02
7.777888944472235999e-02
7.785892946473237097e-02
7.793896948474238195e-02
7.801900950475237906e-02
7.809904952476237616e-02
7.817908954477238714e-02
7.825912956478239813e-02
7.833916958479239523e-02
7.841920960480240621e-02
7.849924962481241719e-02
7.857928964482241430e-02
7.865932966483241140e-02
7.873936968484242238e-02
7.881940970485243336e-02
7.889944972486243047e-02
7.897948974487242757e-02
7.905952976488245243e-02
7.913956978489244953e-02
7.921960980490244664e-02
7.929964982491245762e-02
7.937968984492246860e-02
7.945972986493246570e-02
7.953976988494246281e-02
7.961980990495248767e-02
7.969984992496248477e-02
7.977988994497248187e-02
7.985992996498249286e-02
7.993996998499250384e-02
8.002001000500250094e-02
8.010005002501249805e-02
8.018009004502252290e-02
8.026013006503252001e-02
8.034017008504251711e-02
8.042021010505252809e-02
8.050025012506253907e-02
8.058029014507253618e-02
8.066033016508253328e-02
8.074037018509255814e-02
8.082041020510255525e-02
8.090045022511255235e-02
8.098049024512256333e-02
8.106053026513257431e-02
8.114057028514257142e-02
8.122061030515256852e-02
8.130065032516259338e-02
8.138069034517259048e-02
8.146073036518258759e-02
8.154077038519259857e-02
8.162081040520260955e-02
8.170085042521260665e-02
8.178089044522260376e-02
8.186093046523262862e-02
8.194097048524262572e-02
8.202101050525262282e-02
8.210105052526263381e-02
8.218109054527264479e-02
8.226113056528264189e-02
8.234117058529263899e-02
8.242121060530266385e-02
8.250125062531266096e-02
8.258129064532265806e-02
8.266133066533266904e-02
8.274137068534268002e-02
8.282141070535267713e-02
8.290145072536267423e-02
8.298149074537269909e-02
8.306153076538269620e-02
8.314157078539269330e-02
8.322161080540270428e-02
8.330165082541271526e-02
8.338169084542271237e-02
8.346173086543270947e-02
8.354177088544272045e-02
8.362181090545273143e-02
8.370185092546272854e-02
8.378189094547273952e-02
8.386193096548275050e-02
8.394197098549274760e-02
8.402201100550274471e-02
8.410205102551275569e-02
8.418209104552276667e-02
8.426213106553276377e-02
8.434217108554277476e-02
8.442221110555278574e-02
8.450225112556278284e-02
8.458229114557277994e-02
8.466233116558279093e-02
8.474237118559280191e-02
8.482241120560279901e-02
8.490245122561280999e-02
8.498249124562282097e-02
8.506253126563281808e-02
8.514257128564281518e-02
8.522261130565282616e-02
8.530265132566283715e-02
8.538269134567283425e-02
8.546273136568284523e-02
8.554277138569285621e-02
8.562281140570285332e-02
8.570285142571285042e-02
8.578289144572286140e-02
8.586293146573287238e-02
8.594297148574286949e-02
8.602301150575288047e-02
8.610305152576289145e-02
8.618309154577288855e-02
8.626313156578288566e-02
8.634317158579289664e-02
8.642321160580290762e-02
8.650325162581290472e-02
8.658329164582291571e-02
8.666333166583292669e-02
8.674337168584292379e-02
8.682341170585292089e-02
8.690345172586293188e-02
8.698349174587294286e-02
8.706353176588293996e-02
8.714357178589295094e-02
8.722361180590296192e-02
8.730365182591295903e-02
8.738369184592295613e-02
8.746373186593296711e-02
8.754377188594297809e-02
8.762381190595297520e-02
8.770385192596298618e-02
8.778389194597299716e-02
8.786393196598299427e-02
8.794397198599299137e-02
8.802401200600300235e-02
8.810405202601301333e-02
8.818409204602301044e-02
8.826413206603302142e-02
8.834417208604303240e-02
8.842421210605302950e-02
8.850425212606302661e-02
8.858429214607303759e-02
8.866433216608304857e-02
8.874437218609304567e-02
8.882441220610305666e-02
8.890445222611306764e-02
8.898449224612306474e-02
8.906453226613306184e-02
8.914457228614307283e-02
8.922461230615308381e-02
8.930465232616308091e-02
8.938469234617309189e-02
8.946473236618310287e-02
8.954477238619309998e-02
8.962481240620309708e-02
8.970485242621310806e-02
8.978489244622311904e-02
8.986493246623311615e-02
8.994497248624312713e-02
9.002501250625313811e-02
9.010505252626313522e-02
9.018509254627313232e-02
9.026513256628314330e-02
9.034517258629315428e-02
9.042521260630315139e-02
9.050525262631316237e-02
9.058529264632317335e-02
9.066533266633317045e-02
9.074537268634316756e-02
9.082541270635317854e-02
9.090545272636318952e-02
9.098549274637318662e-02
9.106553276638319760e-02
9.114557278639320859e-02
9.122561280640320569e-02
9.130565282641320279e-02
9.138569284642321378e-02
9.146573286643322476e-02
9.154577288644322186e-02
9.162581290645323284e-02
9.170585292646324382e-02
9.178589294647324093e-02
9.186593296648323803e-02
9.194597298649324901e-02
9.202601300650325999e-02
9.210605302651325710e-02
9.218609304652326808e-02
9.226613306653327906e-02
9.234617308654327617e-02
9.242621310655327327e-02
9.250625312656328425e-02
9.258629314657329523e-02
9.266633316658329234e-02
9.274637318659330332e-02
9.282641320660331430e-02
9.290645322661331140e-02
9.298649324662330851e-02
9.306653326663331949e-02
9.314657328664333047e-02
9.322661330665332757e-02
9.330665332666333855e-02
9.338669334667334954e-02
9.346673336668334664e-02
9.354677338669334374e-02
9.362681340670335473e-02
9.370685342671336571e-02
9.378689344672336281e-02
9.386693346673337379e-02
9.394697348674338477e-02
9.402701350675338188e-02
9.410705352676337898e-02
9.418709354677338996e-02
9.426713356678340094e-02
9.434717358679339805e-02
9.442721360680340903e-02
9.450725362681342001e-02
9.458729364682341711e-02
9.466733366683341422e-02
9.474737368684342520e-02
9.482741370685343618e-02
9.490745372686343329e-02
9.498749374687344427e-02
9.506753376688345525e-02
9.514757378689345235e-02
9.522761380690344946e-02
9.530765382691346044e-02
9.538769384692347142e-02
9.546773386693346852e-02
9.554777388694347950e-02
9.562781390695349049e-02
9.570785392696348759e-02
9.578789394697348469e-02
9.586793396698349567e-02
9.594797398699350666e-02
9.602801400700350376e-02
9.610805402701351474e-02
9.618809404702352572e-02
9.626813406703352283e-02
9.634817408704351993e-02
9.642821410705353091e-02
9.650825412706354189e-02
9.658829414707353900e-02
9.666833416708354998e-02
9.674837418709356096e-02
9.682841420710355806e-02
9.690845422711355517e-02
9.698849424712356615e-02
9.706853426713357713e-02
9.714857428714357424e-02
9.722861430715358522e-02
9.730865432716359620e-02
9.738869434717359330e-02
9.746873436718359041e-02
9.754877438719360139e-02
9.762881440720361237e-02
9.770885442721360947e-02
9.778889444722362045e-02
9.786893446723363144e-02
9.794897448724362854e-02
9.802901450725362564e-02
9.810905452726363662e-02
9.818909454727364761e-02
9.826913456728364471e-02
9.834917458729365569e-02
9.842921460730366667e-02
9.850925462731366378e-02
9.858929464732366088e-02
9.866933466733367186e-02
9.874937468734368284e-02
9.882941470735367995e-02
9.890945472736369093e-02
9.898949474737370191e-02
9.906953476738369901e-02
9.914957478739369612e-02
9.922961480740370710e-02
9.930965482741371808e-02
9.938969484742371518e-02
9.946973486743371229e-02
9.954977488744373715e-02
9.962981490745373425e-02
9.970985492746373136e-02
9.978989494747374234e-02
9.986993496748375332e-02
9.994997498749375042e-02
1.000300150075037475e-01
1.001100550275137724e-01
1.001900950475237695e-01
1.002701350675337666e-01
1.003501750875437776e-01
1.004302151075537886e-01
1.005102551275637857e-01
1.005902951475737828e-01
1.006703351675838076e-01
1.007503751875938047e-01
1.008304152076038018e-01
1.009104552276138128e-01
1.009904952476238238e-01
1.010705352676338209e-01
1.011505752876438180e-01
1.012306153076538429e-01
1.013106553276638400e-01
1.013906953476738371e-01
1.014707353676838480e-01
1.015507753876938590e-01
1.016308154077038561e-01
1.017108554277138532e-01
1.017908954477238781e-01
1.018709354677338752e-01
1.019509754877438723e-01
1.020310155077538833e-01
1.021110555277638943e-01
1.021910955477738914e-01
1.022711355677838885e-01
1.023511755877939133e-01
1.024312156078039104e-01
1.025112556278139075e-01
1.025912956478239185e-01
1.026713356678339295e-01
1.027513756878439266e-01
1.028314157078539376e-01
1.029114557278639347e-01
1.029914957478739457e-01
1.030715357678839428e-01
1.031515757878939538e-01
1.032316158079039647e-01
1.033116558279139618e-01
1.033916958479239728e-01
1.034717358679339699e-01
1.035517758879439809e-01
1.036318159079539780e-01
1.037118559279639890e-01
1.037918959479740000e-01
1.038719359679839971e-01
1.039519759879940081e-01
1.040320160080040052e-01
1.041120560280140162e-01
1.041920960480240133e-01
1.042721360680340242e-01
1.043521760880440352e-01
1.044322161080540323e-01
1.045122561280640433e-01
1.045922961480740404e-01
1.046723361680840514e-01
1.047523761880940485e-01
1.048324162081040595e-01
1.049124562281140705e-01
1.049924962481240676e-01
1.050725362681340785e-01
1.051525762881440756e-01
1.052326163081540866e-01
1.053126563281640837e-01
1.053926963481740947e-01
1.054727363681841057e-01
1.055527763881941028e-01
1.056328164082041138e-01
1.057128564282141109e-01
1.057928964482241219e-01
1.058729364682341190e-01
1.059529764882441299e-01
1.060330165082541409e-01
1.061130565282641380e-01
1.061930965482741490e-01
1.062731365682841461e-01
1.063531765882941571e-01
1.064332166083041542e-01
1.065132566283141652e-01
1.065932966483241623e-01
1.066733366683341733e-01
1.067533766883441843e-01
1.068334167083541814e-01
1.069134567283641923e-01
1.069934967483741894e-01
1.070735367683842004e-01
1.071535767883941975e-01
1.072336168084042085e-01
1.073136568284142195e-01
1.073936968484242166e-01
1.074737368684342276e-01
1.075537768884442247e-01
1.076338169084542357e-01
1.077138569284642328e-01
1.077938969484742437e-01
1.078739369684842547e-01
1.079539769884942518e-01
1.080340170085042628e-01
1.081140570285142599e-01
1.081940970485242709e-01
1.082741370685342680e-01
1.083541770885442790e-01
1.084342171085542900e-01
1.085142571285642871e-01
1.085942971485742981e-01
1.086743371685842952e-01
1.087543771885943061e-01
1.088344172086043032e-01
1.089144572286143142e-01
1.089944972486243252e-01
1.090745372686343223e-01
1.091545772886443333e-01
1.092346173086543304e-01
1.093146573286643414e-01
1.093946973486743385e-01
1.094747373686843495e-01
1.095547773886943604e-01
1.096348174087043575e-01
1.097148574287143685e-01
1.097948974487243656e-01
1.098749374687343766e-01
1.099549774887443737e-01
1.100350175087543847e-01
1.101150575287643957e-01
1.101950975487743928e-01
1.102751375687844038e-01
1.103551775887944009e-01
1.104352176088044118e-01
1.105152576288144090e-01
1.105952976488244199e-01
1.106753376688344309e-01
1.107553776888444280e-01
1.108354177088544390e-01
1.109154577288644361e-01
1.109954977488744471e-01
1.110755377688844442e-01
1.111555777888944552e-01
1.112356178089044662e-01
1.113156578289144633e-01
1.113956978489244742e-01
1.114757378689344713e-01
1.115557778889444823e-01
1.116358179089544794e-01
1.117158579289644904e-01
1.117958979489745014e-01
1.118759379689844985e-01
1.119559779889945095e-01
1.120360180090045066e-01
1.121160580290145176e-01
1.121960980490245147e-01
1.122761380690345256e-01
1.123561780890445366e-01
1.124362181090545337e-01
1.125162581290645447e-01
1.125962981490745418e-01
1.126763381690845528e-01
1.127563781890945499e-01
1.128364182091045609e-01
1.129164582291145719e-01
1.129964982491245690e-01
1.130765382691345800e-01
1.131565782891445771e-01
1.132366183091545880e-01
1.133166583291645851e-01
1.133966983491745961e-01
1.134767383691846071e-01
1.135567783891946042e-01
1.136368184092046152e-01
1.137168584292146123e-01
1.137968984492246233e-01
1.138769384692346204e-01
1.139569784892446314e-01
1.140370185092546423e-01
1.141170585292646394e-01
1.141970985492746504e-01
1.142771385692846475e-01
1.143571785892946585e-01
1.144372186093046556e-01
1.145172586293146666e-01
1.145972986493246776e-01
1.146773386693346747e-01
1.147573786893446857e-01
1.148374187093546828e-01
1.149174587293646937e-01
1.149974987493746909e-01
1.150775387693847018e-01
1.151575787893947128e-01
1.152376188094047099e-01
1.153176588294147209e-01
1.153976988494247180e-01
1.154777388694347290e-01
1.155577788894447261e-01
1.156378189094547371e-01
1.157178589294647481e-01
1.157978989494747452e-01
1.158779389694847561e-01
1.159579789894947532e-01
1.160380190095047642e-01
1.161180590295147613e-01
1.161980990495247723e-01
1.162781390695347833e-01
1.163581790895447804e-01
1.164382191095547914e-01
1.165182591295647885e-01
1.165982991495747995e-01
1.166783391695847966e-01
1.167583791895948075e-01
1.168384192096048185e-01
1.169184592296148156e-01
1.169984992496248266e-01
1.170785392696348237e-01
1.171585792896448347e-01
1.172386193096548318e-01
1.173186593296648428e-01
1.173986993496748399e-01
1.174787393696848509e-01
1.175587793896948618e-01
1.176388194097048590e-01
1.177188594297148699e-01
1.177988994497248670e-01
1.178789394697348780e-01
1.179589794897448751e-01
1.180390195097548861e-01
1.181190595297648971e-01
1.181990995497748942e-01
1.182791395697849052e-01
1.183591795897949023e-01
1.184392196098049133e-01
1.185192596298149104e-01
1.185992996498249213e-01
1.186793396698349323e-01
1.187593796898449294e-01
1.188394197098549404e-01
1.189194597298649375e-01
1.189994997498749485e-01
1.190795397698849456e-01
1.191595797898949566e-01
1.192396198099049676e-01
1.193196598299149647e-01
1.193996998499249756e-01
1.194797398699349728e-01
1.195597798899449837e-01
1.196398199099549808e-01
1.197198599299649918e-01
1.197998999499750028e-01
1.198799399699849999e-01
1.199599799899950109e-01
1.200400200100050080e-01
1.201200600300150190e-01
1.202001000500250161e-01
1.202801400700350271e-01
1.203601800900450380e-01
1.204402201100550351e-01
1.205202601300650461e-01
1.206003001500750432e-01
1.206803401700850542e-01
1.207603801900950513e-01
1.208404202101050623e-01
1.209204602301150733e-01
1.210005002501250704e-01
1.210805402701350814e-01
1.211605802901450785e-01
1.212406203101550894e-01
1.213206603301650865e-01
1.214007003501750975e-01
1.214807403701851085e-01
1.215607803901951056e-01
1.216408204102051166e-01
1.217208604302151137e-01
1.218009004502251247e-01
1.218809404702351218e-01
1.219609804902451328e-01
1.220410205102551437e-01
1.221210605302651409e-01
1.222011005502751518e-01
1.222811405702851489e-01
1.223611805902951599e-01
1.224412206103051570e-01
1.225212606303151680e-01
1.226013006503251790e-01
1.226813406703351761e-01
1.227613806903451871e-01
1.228414207103551842e-01
1.229214607303651952e-01
1.230015007503751923e-01
1.230815407703852032e-01
1.231615807903952142e-01
1.232416208104052113e-01
1.233216608304152223e-01
1.234017008504252194e-01
1.234817408704352304e-01
1.235617808904452275e-01
1.236418209104552385e-01
1.237218609304652495e-01
1.238019009504752466e-01
1.238819409704852575e-01
1.239619809904952547e-01
1.240420210105052656e-01
1.241220610305152627e-01
1.242021010505252737e-01
1.242821410705352847e-01
1.243621810905452818e-01
1.244422211105552928e-01
1.245222611305652899e-01
1.246023011505753009e-01
1.246823411705852980e-01
1.247623811905953090e-01
1.248424212106053199e-01
1.249224612306153170e-01
1.250025012506253419e-01
1.250825412706353390e-01
1.251625812906453361e-01
1.252426213106553332e-01
1.253226613306653303e-01
1.254027013506753552e-01
1.254827413706853523e-01
1.255627813906953771e-01
1.256428214107053742e-01
1.257228614307153713e-01
1.258029014507253684e-01
1.258829414707353656e-01
1.259629814907453904e-01
1.260430215107553875e-01
1.261230615307654124e-01
1.262031015507754095e-01
1.262831415707854066e-01
1.263631815907954037e-01
1.264432216108054008e-01
1.265232616308154256e-01
1.266033016508254228e-01
1.266833416708354476e-01
1.267633816908454447e-01
1.268434217108554418e-01
1.269234617308654389e-01
1.270035017508754360e-01
1.270835417708854331e-01
1.271635817908954580e-01
1.272436218109054828e-01
1.273236618309154800e-01
1.274037018509254771e-01
1.274837418709354742e-01
1.275637818909454713e-01
1.276438219109554684e-01
1.277238619309654932e-01
1.278039019509755181e-01
1.278839419709855152e-01
1.279639819909955123e-01
1.280440220110055094e-01
1.281240620310155065e-01
1.282041020510255036e-01
1.282841420710355285e-01
1.283641820910455533e-01
1.284442221110555504e-01
1.285242621310655475e-01
1.286043021510755446e-01
1.286843421710855417e-01
1.287643821910955388e-01
1.288444222111055637e-01
1.289244622311155886e-01
1.290045022511255857e-01
1.290845422711355828e-01
1.291645822911455799e-01
1.292446223111555770e-01
1.293246623311655741e-01
1.294047023511755989e-01
1.294847423711856238e-01
1.295647823911956209e-01
1.296448224112056180e-01
1.297248624312156151e-01
1.298049024512256122e-01
1.298849424712356093e-01
1.299649824912456342e-01
1.300450225112556590e-01
1.301250625312656561e-01
1.302051025512756532e-01
1.302851425712856503e-01
1.303651825912956475e-01
1.304452226113056446e-01
1.305252626313156694e-01
1.306053026513256943e-01
1.306853426713356914e-01
1.307653826913456885e-01
1.308454227113556856e-01
1.309254627313656827e-01
1.310055027513756798e-01
1.310855427713857047e-01
1.311655827913957295e-01
1.312456228114057266e-01
1.313256628314157237e-01
1.314057028514257208e-01
1.314857428714357179e-01
1.315657828914457150e-01
1.316458229114557399e-01
1.317258629314657647e-01
1.318059029514757619e-01
1.318859429714857590e-01
1.319659829914957561e-01
1.320460230115057532e-01
1.321260630315157503e-01
1.322061030515257751e-01
1.322861430715358000e-01
1.323661830915457971e-01
1.324462231115557942e-01
1.325262631315657913e-01
1.326063031515757884e-01
1.326863431715857855e-01
1.327663831915958104e-01
1.328464232116058352e-01
1.329264632316158323e-01
1.330065032516258294e-01
1.330865432716358265e-01
1.331665832916458236e-01
1.332466233116558207e-01
1.333266633316658456e-01
1.334067033516758705e-01
1.334867433716858676e-01
1.335667833916958647e-01
1.336468234117058618e-01
1.337268634317158589e-01
1.338069034517258560e-01
1.338869434717358808e-01
1.339669834917459057e-01
1.340470235117559028e-01
1.341270635317658999e-01
1.342071035517758970e-01
1.342871435717858941e-01
1.343671835917958912e-01
1.344472236118059161e-01
1.345272636318159409e-01
1.346073036518259380e-01
1.346873436718359351e-01
1.347673836918459322e-01
1.348474237118559294e-01
1.349274637318659265e-01
1.350075037518759513e-01
1.350875437718859762e-01
1.351675837918959733e-01
1.352476238119059704e-01
1.353276638319159675e-01
1.354077038519259646e-01
1.354877438719359617e-01
1.355677838919459866e-01
1.356478239119560114e-01
1.357278639319660085e-01
1.358079039519760056e-01
1.358879439719860027e-01
1.359679839919959998e-01
1.360480240120059969e-01
1.361280640320160218e-01
1.362081040520260466e-01
1.362881440720360438e-01
1.363681840920460409e-01
1.364482241120560380e-01
1.365282641320660351e-01
1.366083041520760322e-01
1.366883441720860570e-01
1.367683841920960819e-01
1.368484242121060790e-01
1.369284642321160761e-01
1.370085042521260732e-01
1.370885442721360703e-01
1.371685842921460674e-01
1.372486243121560923e-01
1.373286643321661171e-01
1.374087043521761142e-01
1.374887443721861113e-01
1.375687843921961084e-01
1.376488244122061055e-01
1.377288644322161026e-01
1.378089044522261275e-01
1.378889444722361246e-01
1.379689844922461495e-01
1.380490245122561466e-01
1.381290645322661437e-01
1.382091045522761408e-01
1.382891445722861379e-01
1.383691845922961627e-01
1.384492246123061598e-01
1.385292646323161847e-01
1.386093046523261818e-01
1.386893446723361789e-01
1.387693846923461760e-01
1.388494247123561731e-01
1.389294647323661980e-01
1.390095047523761951e-01
1.390895447723862199e-01
1.391695847923962170e-01
1.392496248124062141e-01
1.393296648324162113e-01
1.394097048524262084e-01
1.394897448724362332e-01
1.395697848924462303e-01
1.396498249124562552e-01
1.397298649324662523e-01
1.398099049524762494e-01
1.398899449724862465e-01
1.399699849924962436e-01
1.400500250125062685e-01
1.401300650325162656e-01
1.402101050525262904e-01
1.402901450725362875e-01
1.403701850925462846e-01
1.404502251125562817e-01
1.405302651325662788e-01
1.406103051525763037e-01
1.406903451725863008e-01
1.407703851925963257e-01
1.408504252126063228e-01
1.409304652326163199e-01
1.410105052526263170e-01
1.410905452726363141e-01
1.411705852926463389e-01
1.412506253126563360e-01
1.413306653326663609e-01
1.414107053526763580e-01
1.414907453726863551e-01
1.415707853926963522e-01
1.416508254127063493e-01
1.417308654327163742e-01
1.418109054527263713e-01
1.418909454727363961e-01
1.419709854927463932e-01
1.420510255127563903e-01
1.421310655327663874e-01
1.422111055527763845e-01
1.422911455727864094e-01
1.423711855927964065e-01
1.424512256128064314e-01
1.425312656328164285e-01
1.426113056528264256e-01
1.426913456728364227e-01
1.427713856928464198e-01
1.428514257128564446e-01
1.429314657328664417e-01
1.430115057528764666e-01
1.430915457728864637e-01
1.431715857928964608e-01
1.432516258129064579e-01
1.433316658329164550e-01
1.434117058529264799e-01
1.434917458729364770e-01
1.435717858929465018e-01
1.436518259129564989e-01
1.437318659329664960e-01
1.438119059529764932e-01
1.438919459729864903e-01
1.439719859929965151e-01
1.440520260130065122e-01
1.441320660330165371e-01
1.442121060530265342e-01
1.442921460730365313e-01
1.443721860930465284e-01
1.444522261130565255e-01
1.445322661330665504e-01
1.446123061530765475e-01
1.446923461730865723e-01
1.447723861930965694e-01
1.448524262131065665e-01
1.449324662331165636e-01
1.450125062531265607e-01
1.450925462731365856e-01
1.451725862931465827e-01
1.452526263131566076e-01
1.453326663331666047e-01
1.454127063531766018e-01
1.454927463731865989e-01
1.455727863931965960e-01
1.456528264132066208e-01
1.457328664332166179e-01
1.458129064532266428e-01
1.458929464732366399e-01
1.459729864932466370e-01
1.460530265132566341e-01
1.461330665332666312e-01
1.462131065532766561e-01
1.462931465732866532e-01
1.463731865932966780e-01
1.464532266133066751e-01
1.465332666333166722e-01
1.466133066533266693e-01
1.466933466733366664e-01
1.467733866933466913e-01
1.468534267133566884e-01
1.469334667333667133e-01
1.470135067533767104e-01
1.470935467733867075e-01
1.471735867933967046e-01
1.472536268134067017e-01
1.473336668334167265e-01
1.474137068534267236e-01
1.474937468734367485e-01
1.475737868934467456e-01
1.476538269134567427e-01
1.477338669334667398e-01
1.478139069534767369e-01
1.478939469734867618e-01
1.479739869934967589e-01
1.480540270135067837e-01
1.481340670335167808e-01
1.482141070535267779e-01
1.482941470735367750e-01
1.483741870935467722e-01
1.484542271135567970e-01
1.485342671335667941e-01
1.486143071535768190e-01
1.486943471735868161e-01
1.487743871935968132e-01
1.488544272136068103e-01
1.489344672336168074e-01
1.490145072536268323e-01
1.490945472736368294e-01
1.491745872936468542e-01
1.492546273136568513e-01
1.493346673336668484e-01
1.494147073536768455e-01
1.494947473736868426e-01
1.495747873936968675e-01
1.496548274137068646e-01
1.497348674337168895e-01
1.498149074537268866e-01
1.498949474737368837e-01
1.499749874937468808e-01
1.500550275137568779e-01
1.501350675337669027e-01
1.502151075537768998e-01
1.502951475737869247e-01
1.503751875937969218e-01
1.504552276138069189e-01
1.505352676338169160e-01
1.506153076538269131e-01
1.506953476738369380e-01
1.507753876938469351e-01
1.508554277138569599e-01
1.509354677338669570e-01
1.510155077538769541e-01
1.510955477738869512e-01
1.511755877938969483e-01
1.512556278139069732e-01
1.513356678339169703e-01
1.514157078539269952e-01
1.514957478739369923e-01
1.515757878939469894e-01
1.516558279139569865e-01
1.517358679339669836e-01
1.518159079539770084e-01
1.518959479739870055e-01
1.519759879939970304e-01
1.520560280140070275e-01
1.521360680340170246e-01
1.522161080540270217e-01
1.522961480740370188e-01
1.523761880940470437e-01
1.524562281140570408e-01
1.525362681340670656e-01
1.526163081540770627e-01
1.526963481740870598e-01
1.527763881940970569e-01
1.528564282141070541e-01
1.529364682341170789e-01
1.530165082541270760e-01
1.530965482741371009e-01
1.531765882941470980e-01
1.532566283141570951e-01
1.533366683341670922e-01
1.534167083541770893e-01
1.534967483741871142e-01
1.535767883941971113e-01
1.536568284142071361e-01
1.537368684342171332e-01
1.538169084542271303e-01
1.538969484742371274e-01
1.539769884942471245e-01
1.540570285142571494e-01
1.541370685342671465e-01
1.542171085542771714e-01
1.542971485742871685e-01
1.543771885942971656e-01
1.544572286143071627e-01
1.545372686343171598e-01
1.546173086543271846e-01
1.546973486743371817e-01
1.547773886943472066e-01
1.548574287143572037e-01
1.549374687343672008e-01
1.550175087543771979e-01
1.550975487743871950e-01
1.551775887943972199e-01
1.552576288144072170e-01
1.553376688344172418e-01
1.554177088544272389e-01
1.554977488744372360e-01
1.555777888944472331e-01
1.556578289144572302e-01
1.557378689344672551e-01
1.558179089544772522e-01
1.558979489744872771e-01
1.559779889944972742e-01
1.560580290145072713e-01
1.561380690345172684e-01
1.562181090545272655e-01
1.562981490745372903e-01
1.563781890945472874e-01
1.564582291145573123e-01
1.565382691345673094e-01
1.566183091545773065e-01
1.566983491745873036e-01
1.567783891945973007e-01
1.568584292146073256e-01
1.569384692346173227e-01
1.570185092546273475e-01
1.570985492746373446e-01
1.571785892946473417e-01
1.572586293146573388e-01
1.573386693346673360e-01
1.574187093546773608e-01
1.574987493746873579e-01
1.575787893946973828e-01
1.576588294147073799e-01
1.577388694347173770e-01
1.578189094547273741e-01
1.578989494747373712e-01
1.579789894947473960e-01
1.580590295147573932e-01
1.581390695347674180e-01
1.582191095547774151e-01
1.582991495747874122e-01
1.583791895947974093e-01
1.584592296148074064e-01
1.585392696348174313e-01
1.586193096548274284e-01
1.586993496748374533e-01
1.587793896948474504e-01
1.588594297148574475e-01
1.589394697348674446e-01
1.590195097548774417e-01
1.590995497748874665e-01
1.591795897948974636e-01
1.592596298149074885e-01
1.593396698349174856e-01
1.594197098549274827e-01
1.594997498749374798e-01
1.595797898949474769e-01
1.596598299149575018e-01
1.597398699349674989e-01
1.598199099549775237e-01
1.598999499749875208e-01
1.599799899949975179e-01
1.600600300150075150e-01
1.601400700350175121e-01
1.602201100550275370e-01
1.603001500750375341e-01
1.603801900950475590e-01
1.604602301150575561e-01
1.605402701350675532e-01
1.606203101550775503e-01
1.607003501750875474e-01
1.607803901950975722e-01
1.608604302151075693e-01
1.609404702351175942e-01
1.610205102551275913e-01
1.611005502751375884e-01
1.611805902951475855e-01
1.612606303151575826e-01
1.613406703351676075e-01
1.614207103551776046e-01
1.615007503751876294e-01
1.615807903951976265e-01
1.616608304152076236e-01
1.617408704352176207e-01
1.618209104552276179e-01
1.619009504752376427e-01
1.619809904952476398e-01
1.620610305152576647e-01
1.621410705352676618e-01
1.622211105552776589e-01
1.623011505752876560e-01
1.623811905952976531e-01
1.624612306153076779e-01
1.625412706353176751e-01
1.626213106553276999e-01
1.627013506753376970e-01
1.627813906953476941e-01
1.628614307153576912e-01
1.629414707353676883e-01
1.630215107553777132e-01
1.631015507753877103e-01
1.631815907953977351e-01
1.632616308154077323e-01
1.633416708354177294e-01
1.634217108554277265e-01
1.635017508754377236e-01
1.635817908954477484e-01
1.636618309154577455e-01
1.637418709354677704e-01
1.638219109554777675e-01
1.639019509754877646e-01
1.639819909954977617e-01
1.640620310155077588e-01
1.641420710355177837e-01
1.642221110555277808e-01
1.643021510755378056e-01
1.643821910955478027e-01
1.644622311155577998e-01
1.645422711355677969e-01
1.646223111555777940e-01
1.647023511755878189e-01
1.647823911955978160e-01
1.648624312156078409e-01
1.649424712356178380e-01
1.650225112556278351e-01
1.651025512756378322e-01
1.651825912956478293e-01
1.652626313156578264e-01
1.653426713356678790e-01
1.654227113556778761e-01
1.655027513756878732e-01
1.655827913956978703e-01
1.656628314157078674e-01
1.657428714357178645e-01
1.658229114557278616e-01
1.659029514757379142e-01
1.659829914957479113e-01
1.660630315157579084e-01
1.661430715357679055e-01
1.662231115557779026e-01
1.663031515757878998e-01
1.663831915957978969e-01
1.664632316158079495e-01
1.665432716358179466e-01
1.666233116558279437e-01
1.667033516758379408e-01
1.667833916958479379e-01
1.668634317158579350e-01
1.669434717358679321e-01
1.670235117558779847e-01
1.671035517758879818e-01
1.671835917958979789e-01
1.672636318159079760e-01
1.673436718359179731e-01
1.674237118559279702e-01
1.675037518759379673e-01
1.675837918959480199e-01
1.676638319159580170e-01
1.677438719359680142e-01
1.678239119559780113e-01
1.679039519759880084e-01
1.679839919959980055e-01
1.680640320160080026e-01
1.681440720360180552e-01
1.682241120560280523e-01
1.683041520760380494e-01
1.683841920960480465e-01
1.684642321160580436e-01
1.685442721360680407e-01
1.686243121560780378e-01
1.687043521760880904e-01
1.687843921960980875e-01
1.688644322161080846e-01
1.689444722361180817e-01
1.690245122561280788e-01
1.691045522761380759e-01
1.691845922961480730e-01
1.692646323161581257e-01
1.693446723361681228e-01
1.694247123561781199e-01
1.695047523761881170e-01
1.695847923961981141e-01
1.696648324162081112e-01
1.697448724362181083e-01
1.698249124562281609e-01
1.699049524762381580e-01
1.699849924962481551e-01
1.700650325162581522e-01
1.701450725362681493e-01
1.702251125562781464e-01
1.703051525762881435e-01
1.703851925962981961e-01
1.704652326163081932e-01
1.705452726363181903e-01
1.706253126563281874e-01
1.707053526763381845e-01
1.707853926963481817e-01
1.708654327163581788e-01
1.709454727363682314e-01
1.710255127563782285e-01
1.711055527763882256e-01
1.711855927963982227e-01
1.712656328164082198e-01
1.713456728364182169e-01
1.714257128564282140e-01
1.715057528764382666e-01
1.715857928964482637e-01
1.716658329164582608e-01
1.717458729364682579e-01
1.718259129564782550e-01
1.719059529764882521e-01
1.719859929964982492e-01
1.720660330165083018e-01
1.721460730365182989e-01
1.722261130565282961e-01
1.723061530765382932e-01
1.723861930965482903e-01
1.724662331165582874e-01
1.725462731365682845e-01
1.726263131565783371e-01
1.727063531765883342e-01
1.727863931965983313e-01
1.728664332166083284e-01
1.729464732366183255e-01
1.730265132566283226e-01
1.731065532766383197e-01
1.731865932966483168e-01
1.732666333166583694e-01
1.733466733366683665e-01
1.734267133566783636e-01
1.735067533766883607e-01
1.735867933966983578e-01
1.736668334167083549e-01
1.737468734367183520e-01
1.738269134567284047e-01
1.739069534767384018e-01
1.739869934967483989e-01
1.740670335167583960e-01
1.741470735367683931e-01
1.742271135567783902e-01
1.743071535767883873e-01
1.743871935967984399e-01
1.744672336168084370e-01
1.745472736368184341e-01
1.746273136568284312e-01
1.747073536768384283e-01
1.747873936968484254e-01
1.748674337168584225e-01
1.749474737368684751e-01
1.750275137568784722e-01
1.751075537768884693e-01
1.751875937968984664e-01
1.752676338169084636e-01
1.753476738369184607e-01
1.754277138569284578e-01
1.755077538769385104e-01
1.755877938969485075e-01
1.756678339169585046e-01
1.757478739369685017e-01
1.758279139569784988e-01
1.759079539769884959e-01
1.759879939969984930e-01
1.760680340170085456e-01
1.761480740370185427e-01
1.762281140570285398e-01
1.763081540770385369e-01
1.763881940970485340e-01
1.764682341170585311e-01
1.765482741370685282e-01
1.766283141570785808e-01
1.767083541770885780e-01
1.767883941970985751e-01
1.768684342171085722e-01
1.769484742371185693e-01
1.770285142571285664e-01
1.771085542771385635e-01
1.771885942971486161e-01
1.772686343171586132e-01
1.773486743371686103e-01
1.774287143571786074e-01
1.775087543771886045e-01
1.775887943971986016e-01
1.776688344172085987e-01
1.777488744372186513e-01
1.778289144572286484e-01
1.779089544772386455e-01
1.779889944972486426e-01
1.780690345172586397e-01
1.781490745372686368e-01
1.782291145572786339e-01
1.783091545772886866e-01
1.783891945972986837e-01
1.784692346173086808e-01
1.785492746373186779e-01
1.786293146573286750e-01
1.787093546773386721e-01
1.787893946973486692e-01
1.788694347173587218e-01
1.789494747373687189e-01
1.790295147573787160e-01
1.791095547773887131e-01
1.791895947973987102e-01
1.792696348174087073e-01
1.793496748374187044e-01
1.794297148574287570e-01
1.795097548774387541e-01
1.795897948974487512e-01
1.796698349174587483e-01
1.797498749374687455e-01
1.798299149574787426e-01
1.799099549774887397e-01
1.799899949974987923e-01
1.800700350175087894e-01
1.801500750375187865e-01
1.802301150575287836e-01
1.803101550775387807e-01
1.803901950975487778e-01
1.804702351175587749e-01
1.805502751375688275e-01
1.806303151575788246e-01
1.807103551775888217e-01
1.807903951975988188e-01
1.808704352176088159e-01
1.809504752376188130e-01
1.810305152576288101e-01
1.811105552776388627e-01
1.811905952976488599e-01
1.812706353176588570e-01
1.813506753376688541e-01
1.814307153576788512e-01
1.815107553776888483e-01
1.815907953976988454e-01
1.816708354177088980e-01
1.817508754377188951e-01
1.818309154577288922e-01
1.819109554777388893e-01
1.819909954977488864e-01
1.820710355177588835e-01
1.821510755377688806e-01
1.822311155577789332e-01
1.823111555777889303e-01
1.823911955977989274e-01
1.824712356178089245e-01
1.825512756378189216e-01
1.826313156578289187e-01
1.827113556778389158e-01
1.827913956978489685e-01
1.828714357178589656e-01
1.829514757378689627e-01
1.830315157578789598e-01
1.831115557778889569e-01
1.831915957978989540e-01
1.832716358179089511e-01
1.833516758379190037e-01
1.834317158579290008e-01
1.835117558779389979e-01
1.835917958979489950e-01
1.836718359179589921e-01
1.837518759379689892e-01
1.838319159579789863e-01
1.839119559779890389e-01
1.839919959979990360e-01
1.840720360180090331e-01
1.841520760380190302e-01
1.842321160580290274e-01
1.843121560780390245e-01
1.843921960980490216e-01
1.844722361180590742e-01
1.845522761380690713e-01
1.846323161580790684e-01
1.847123561780890655e-01
1.847923961980990626e-01
1.848724362181090597e-01
1.849524762381190568e-01
1.850325162581291094e-01
1.851125562781391065e-01
1.851925962981491036e-01
1.852726363181591007e-01
1.853526763381690978e-01
1.854327163581790949e-01
1.855127563781890920e-01
1.855927963981991446e-01
1.856728364182091418e-01
1.857528764382191389e-01
1.858329164582291360e-01
1.859129564782391331e-01
1.859929964982491302e-01
1.860730365182591273e-01
1.861530765382691799e-01
1.862331165582791770e-01
1.863131565782891741e-01
1.863931965982991712e-01
1.864732366183091683e-01
1.865532766383191654e-01
1.866333166583291625e-01
1.867133566783392151e-01
1.867933966983492122e-01
1.868734367183592093e-01
1.869534767383692064e-01
1.870335167583792035e-01
1.871135567783892006e-01
1.871935967983991977e-01
1.872736368184092504e-01
1.873536768384192475e-01
1.874337168584292446e-01
1.875137568784392417e-01
1.875937968984492388e-01
1.876738369184592359e-01
1.877538769384692330e-01
1.878339169584792856e-01
1.879139569784892827e-01
1.879939969984992798e-01
1.880740370185092769e-01
1.881540770385192740e-01
1.882341170585292711e-01
1.883141570785392682e-01
1.883941970985493208e-01
1.884742371185593179e-01
1.885542771385693150e-01
1.886343171585793121e-01
1.887143571785893092e-01
1.887943971985993064e-01
1.888744372186093035e-01
1.889544772386193561e-01
1.890345172586293532e-01
1.891145572786393503e-01
1.891945972986493474e-01
1.892746373186593445e-01
1.893546773386693416e-01
1.894347173586793387e-01
1.895147573786893913e-01
1.895947973986993884e-01
1.896748374187093855e-01
1.897548774387193826e-01
1.898349174587293797e-01
1.899149574787393768e-01
1.899949974987493739e-01
1.900750375187594265e-01
1.901550775387694237e-01
1.902351175587794208e-01
1.903151575787894179e-01
1.903951975987994150e-01
1.904752376188094121e-01
1.905552776388194092e-01
1.906353176588294618e-01
1.907153576788394589e-01
1.907953976988494560e-01
1.908754377188594531e-01
1.909554777388694502e-01
1.910355177588794473e-01
1.911155577788894444e-01
1.911955977988994970e-01
1.912756378189094941e-01
1.913556778389194912e-01
1.914357178589294883e-01
1.915157578789394854e-01
1.915957978989494825e-01
1.916758379189594796e-01
1.917558779389695323e-01
1.918359179589795294e-01
1.919159579789895265e-01
1.919959979989995236e-01
1.920760380190095207e-01
1.921560780390195178e-01
1.922361180590295149e-01
1.923161580790395675e-01
1.923961980990495646e-01
1.924762381190595617e-01
1.925562781390695588e-01
1.926363181590795559e-01
1.927163581790895530e-01
1.927963981990995501e-01
1.928764382191096027e-01
1.929564782391195998e-01
1.930365182591295969e-01
1.931165582791395940e-01
1.931965982991495911e-01
1.932766383191595883e-01
1.933566783391695854e-01
1.934367183591796380e-01
1.935167583791896351e-01
1.935967983991996322e-01
1.936768384192096293e-01
1.937568784392196264e-01
1.938369184592296235e-01
1.939169584792396206e-01
1.939969984992496732e-01
1.940770385192596703e-01
1.941570785392696674e-01
1.942371185592796645e-01
1.943171585792896616e-01
1.943971985992996587e-01
1.944772386193096558e-01
1.945572786393197084e-01
1.946373186593297056e-01
1.947173586793397027e-01
1.947973986993496998e-01
1.948774387193596969e-01
1.949574787393696940e-01
1.950375187593796911e-01
1.951175587793897437e-01
1.951975987993997408e-01
1.952776388194097379e-01
1.953576788394197350e-01
1.954377188594297321e-01
1.955177588794397292e-01
1.955977988994497263e-01
1.956778389194597789e-01
1.957578789394697760e-01
1.958379189594797731e-01
1.959179589794897702e-01
1.959979989994997673e-01
1.960780390195097644e-01
1.961580790395197615e-01
1.962381190595298142e-01
1.963181590795398113e-01
1.963981990995498084e-01
1.964782391195598055e-01
1.965582791395698026e-01
1.966383191595797997e-01
1.967183591795897968e-01
1.967983991995998494e-01
1.968784392196098465e-01
1.969584792396198436e-01
1.970385192596298407e-01
1.971185592796398378e-01
1.971985992996498349e-01
1.972786393196598320e-01
1.973586793396698846e-01
1.974387193596798817e-01
1.975187593796898788e-01
1.975987993996998759e-01
1.976788394197098730e-01
1.977588794397198702e-01
1.978389194597298673e-01
1.979189594797399199e-01
1.979989994997499170e-01
1.980790395197599141e-01
1.981590795397699112e-01
1.982391195597799083e-01
1.983191595797899054e-01
1.983991995997999025e-01
1.984792396198099551e-01
1.985592796398199522e-01
1.986393196598299493e-01
1.987193596798399464e-01
1.987993996998499435e-01
1.988794397198599406e-01
1.989594797398699377e-01
1.990395197598799903e-01
1.991195597798899874e-01
1.991995997998999846e-01
1.992796398199099817e-01
1.993596798399199788e-01
1.994397198599299759e-01
1.995197598799399730e-01
1.995997998999500256e-01
1.996798399199600227e-01
1.997598799399700198e-01
1.998399199599800169e-01
1.999199599799900140e-01
2.000000000000000111e-01
